MEME version 4.4

ALPHABET= ACGT

strands: + -

Background letter frequencies (from uniform background):
A 0.25000 C 0.25000 G 0.25000 T 0.25000 

MOTIF MA0162.2.JASPAR EGR1

letter-probability matrix: alength= 4 w= 13 nsites= 20 E= 0
  0.122879	  0.558665	  0.110884	  0.207572	
  0.094648	  0.493554	  0.183584	  0.228215	
  0.108926	  0.851093	  0.000000	  0.039980	
  0.019011	  0.944354	  0.000000	  0.036635	
  0.237516	  0.000000	  0.558094	  0.204390	
  0.000000	  1.000000	  0.000000	  0.000000	
  0.000000	  0.967037	  0.000000	  0.032963	
  0.000000	  0.828492	  0.049853	  0.121655	
  0.297977	  0.682196	  0.000000	  0.019827	
  0.000000	  0.975196	  0.000000	  0.024804	
  0.193211	  0.000000	  0.538430	  0.268358	
  0.000000	  0.803606	  0.115862	  0.080532	
  0.246899	  0.456511	  0.156087	  0.140503	

MOTIF EGR1_f2.HOCOMOCO EGR1

letter-probability matrix: alength= 4 w= 10 nsites= 20 E= 0
  0.043985	  0.060413	  0.882883	  0.012719	
  0.059883	  0.828299	  0.018548	  0.093270	
  0.003710	  0.001060	  0.993641	  0.001590	
  0.009539	  0.013249	  0.490726	  0.486486	
  0.075782	  0.019078	  0.901961	  0.003180	
  0.025437	  0.065713	  0.900901	  0.007949	
  0.012189	  0.010069	  0.977742	  0.000000	
  0.089030	  0.748278	  0.007419	  0.155273	
  0.021728	  0.007419	  0.955485	  0.015368	
  0.090620	  0.065183	  0.609433	  0.234764	

MOTIF Egr1.HOMER K562-Egr1-ChIP-Seq

letter-probability matrix: alength= 4 w= 9 nsites= 20 E= 0
  0.078000	  0.036000	  0.882000	  0.004000	
  0.154000	  0.523000	  0.023000	  0.300000	
  0.001000	  0.001000	  0.997000	  0.001000	
  0.001000	  0.001000	  0.282000	  0.716000	
  0.027000	  0.001000	  0.971000	  0.001000	
  0.001000	  0.002000	  0.973000	  0.024000	
  0.001000	  0.001000	  0.997000	  0.001000	
  0.153000	  0.415000	  0.010000	  0.422000	
  0.034000	  0.002000	  0.940000	  0.024000	

MOTIF EGR1_disc1.POUR EGR1_H1-hESC_encode-Myers_seq_hsa_v041610.1_r1:MDscan#2#Intergenic

letter-probability matrix: alength= 4 w= 9 nsites= 20 E= 0
  0.000000	  1.000000	  0.000000	  0.000000	
  0.083333	  0.000000	  0.916667	  0.000000	
  0.000000	  1.000000	  0.000000	  0.000000	
  0.000000	  1.000000	  0.000000	  0.000000	
  0.000000	  1.000000	  0.000000	  0.000000	
  0.361111	  0.638889	  0.000000	  0.000000	
  0.000000	  1.000000	  0.000000	  0.000000	
  0.000000	  0.000000	  1.000000	  0.000000	
  0.000000	  0.923611	  0.000000	  0.076389	

MOTIF EGR1_disc2.POUR EGR1_GM12878_encode-Myers_seq_hsa_PCR2x_r1:MEME#1#Intergenic

letter-probability matrix: alength= 4 w= 9 nsites= 20 E= 0
  0.739726	  0.082192	  0.027397	  0.150685	
  0.000000	  0.890411	  0.000000	  0.109589	
  0.000000	  0.000000	  0.000000	  1.000000	
  0.000000	  0.000000	  0.000000	  1.000000	
  0.000000	  1.000000	  0.000000	  0.000000	
  0.000000	  1.000000	  0.000000	  0.000000	
  0.000000	  0.013699	  0.643835	  0.342466	
  0.000000	  0.397260	  0.602740	  0.000000	
  0.191781	  0.287671	  0.164384	  0.356164	

MOTIF EGR1_disc3.POUR EGR1_GM12878_encode-Myers_seq_hsa_v041610.1_r1:MDscan#3#Intergenic

letter-probability matrix: alength= 4 w= 9 nsites= 20 E= 0
  0.072917	  0.906250	  0.020833	  0.000000	
  0.000000	  0.000000	  1.000000	  0.000000	
  0.000000	  0.989583	  0.000000	  0.010417	
  0.572916	  0.135417	  0.250000	  0.041667	
  0.052083	  0.239583	  0.197917	  0.510417	
  0.000000	  0.000000	  1.000000	  0.000000	
  0.000000	  1.000000	  0.000000	  0.000000	
  0.000000	  0.020833	  0.927084	  0.052083	
  0.000000	  0.968750	  0.000000	  0.031250	

MOTIF EGR1_disc4.POUR EGR1_GM12878_encode-Myers_seq_hsa_PCR2x_r1:MEME#3#Intergenic

letter-probability matrix: alength= 4 w= 24 nsites= 20 E= 0
  0.105263	  0.736842	  0.052632	  0.105263	
  0.157895	  0.105263	  0.736842	  0.000000	
  0.315789	  0.052632	  0.526316	  0.105263	
  0.105263	  0.000000	  0.631579	  0.263158	
  0.000000	  0.000000	  1.000000	  0.000000	
  0.052632	  0.789473	  0.000000	  0.157895	
  0.578947	  0.263158	  0.000000	  0.157895	
  0.000000	  0.368421	  0.000000	  0.631579	
  0.052632	  0.105263	  0.368421	  0.473684	
  0.105263	  0.684210	  0.052632	  0.157895	
  0.000000	  0.263158	  0.000000	  0.736842	
  0.000000	  0.000000	  1.000000	  0.000000	
  0.000000	  0.000000	  1.000000	  0.000000	
  0.052632	  0.000000	  0.947368	  0.000000	
  0.842104	  0.052632	  0.052632	  0.052632	
  0.368421	  0.210526	  0.315789	  0.105263	
  0.210526	  0.105263	  0.000000	  0.684211	
  0.000000	  0.000000	  0.000000	  1.000000	
  0.000000	  0.000000	  1.000000	  0.000000	
  0.105263	  0.052632	  0.052632	  0.789473	
  0.947368	  0.000000	  0.052632	  0.000000	
  0.000000	  0.000000	  1.000000	  0.000000	
  0.000000	  0.000000	  0.000000	  1.000000	
  0.000000	  0.368421	  0.000000	  0.631579	

MOTIF EGR1_disc5.POUR EGR1_K562_encode-Myers_seq_hsa_v041610.1_r1:Trawler#3#Intergenic

letter-probability matrix: alength= 4 w= 7 nsites= 20 E= 0
  0.000000	  1.000000	  0.000000	  0.000000	
  0.000000	  1.000000	  0.000000	  0.000000	
  0.000000	  0.086957	  0.913043	  0.000000	
  0.000000	  0.934783	  0.065217	  0.000000	
  0.086957	  0.673913	  0.130435	  0.108696	
  0.065217	  0.913043	  0.021739	  0.000000	
  0.652174	  0.000000	  0.000000	  0.347826	

MOTIF EGR1_disc6.POUR EGR1_GM12878_encode-Myers_seq_hsa_v041610.1_r1:AlignACE#2#Intergenic

letter-probability matrix: alength= 4 w= 10 nsites= 20 E= 0
  0.006865	  0.401220	  0.590389	  0.001526	
  0.311213	  0.217391	  0.231121	  0.240275	
  0.011442	  0.124333	  0.776506	  0.087719	
  0.009916	  0.344012	  0.527842	  0.118230	
  0.005339	  0.498856	  0.482075	  0.013730	
  0.049580	  0.443173	  0.356979	  0.150267	
  0.091533	  0.266972	  0.570557	  0.070938	
  0.094584	  0.372235	  0.533181	  0.000000	
  0.006102	  0.005339	  0.987796	  0.000763	
  0.033562	  0.459191	  0.495042	  0.012204	

MOTIF EGR1_disc7.POUR EGR1_GM12878_encode-Myers_seq_hsa_PCR2x_r1:MDscan#2#Intergenic

letter-probability matrix: alength= 4 w= 9 nsites= 20 E= 0
  0.060345	  0.120690	  0.793103	  0.025862	
  0.000000	  0.913793	  0.025862	  0.060345	
  0.051724	  0.000000	  0.913793	  0.034483	
  0.000000	  0.000000	  0.000000	  1.000000	
  0.051724	  0.000000	  0.948276	  0.000000	
  0.000000	  0.870690	  0.129310	  0.000000	
  0.000000	  0.000000	  1.000000	  0.000000	
  0.000000	  0.439655	  0.000000	  0.560345	
  0.155172	  0.000000	  0.827587	  0.017241	

MOTIF EGR1_DBD.JOLMA EGR1

letter-probability matrix: alength= 4 w= 13 nsites= 20 E= 0
  0.513906	  0.395405	  0.036276	  0.054414	
  0.003224	  0.969697	  0.007737	  0.019342	
  0.105203	  0.005356	  0.854246	  0.035195	
  0.000000	  0.980026	  0.007732	  0.012242	
  0.002604	  0.992839	  0.000000	  0.004557	
  0.000000	  0.928215	  0.009363	  0.062422	
  0.652638	  0.343593	  0.000000	  0.003769	
  0.003253	  0.995446	  0.000000	  0.001301	
  0.019062	  0.011364	  0.931818	  0.037757	
  0.010000	  0.938125	  0.011875	  0.040000	
  0.680894	  0.069106	  0.142276	  0.107724	
  0.279057	  0.248527	  0.125335	  0.347081	
  0.267394	  0.190550	  0.139668	  0.402388	

MOTIF EGR1_full.JOLMA EGR1

letter-probability matrix: alength= 4 w= 13 nsites= 20 E= 0
  0.737508	  0.249209	  0.001898	  0.011385	
  0.006724	  0.987775	  0.001834	  0.003667	
  0.018344	  0.000000	  0.981656	  0.000000	
  0.000000	  1.000000	  0.000000	  0.000000	
  0.000000	  0.992159	  0.000000	  0.007841	
  0.000000	  0.979714	  0.000000	  0.020286	
  0.795440	  0.200000	  0.004560	  0.000000	
  0.000000	  0.999394	  0.000000	  0.000606	
  0.000000	  0.000000	  0.999073	  0.000927	
  0.000000	  0.992202	  0.000000	  0.007798	
  0.861660	  0.013175	  0.105402	  0.019763	
  0.293902	  0.279268	  0.063415	  0.363415	
  0.303571	  0.125595	  0.107738	  0.463095	

MOTIF Egr1_mouse_DBD_mutant_DBD.JOLMA Egr1

letter-probability matrix: alength= 4 w= 15 nsites= 20 E= 0
  0.322785	  0.309072	  0.036920	  0.331224	
  0.618182	  0.366753	  0.003636	  0.011429	
  0.000000	  0.996845	  0.000526	  0.002629	
  0.075444	  0.004325	  0.911100	  0.009130	
  0.000000	  0.999473	  0.000527	  0.000000	
  0.001578	  0.997370	  0.001052	  0.000000	
  0.000000	  1.000000	  0.000000	  0.000000	
  0.517114	  0.481306	  0.001580	  0.000000	
  0.003150	  0.995276	  0.000000	  0.001575	
  0.004228	  0.167321	  0.255814	  0.572637	
  0.001580	  0.998420	  0.000000	  0.000000	
  0.891816	  0.057385	  0.036218	  0.014581	
  0.442511	  0.322785	  0.049578	  0.185127	
  0.311709	  0.197785	  0.042722	  0.447785	
  0.262131	  0.310127	  0.096519	  0.331224	

MOTIF UP00007_1.UNIPROBE Egr1_primary

letter-probability matrix: alength= 4 w= 13 nsites= 20 E= 0
  0.141988	  0.722437	  0.054854	  0.080721	
  0.032605	  0.877172	  0.012432	  0.077792	
  0.115126	  0.070606	  0.781290	  0.032979	
  0.003516	  0.990021	  0.002265	  0.004198	
  0.004715	  0.982482	  0.009897	  0.002906	
  0.001627	  0.975937	  0.001662	  0.020774	
  0.262352	  0.731732	  0.002730	  0.003187	
  0.005890	  0.985756	  0.002081	  0.006273	
  0.022893	  0.090460	  0.649322	  0.237324	
  0.023038	  0.859949	  0.037913	  0.079101	
  0.567633	  0.057394	  0.166792	  0.208181	
  0.176597	  0.331265	  0.125308	  0.366830	
  0.183049	  0.183774	  0.226793	  0.406384	

MOTIF UP00007_2.UNIPROBE Egr1_secondary

letter-probability matrix: alength= 4 w= 15 nsites= 20 E= 0
  0.122004	  0.156883	  0.366166	  0.354947	
  0.209446	  0.335433	  0.185677	  0.269444	
  0.140035	  0.276547	  0.302466	  0.280952	
  0.124879	  0.019371	  0.809895	  0.045854	
  0.647807	  0.117014	  0.183956	  0.051224	
  0.021434	  0.011745	  0.954633	  0.012188	
  0.017853	  0.009441	  0.315429	  0.657277	
  0.166123	  0.008326	  0.807215	  0.018337	
  0.022775	  0.008972	  0.947283	  0.020970	
  0.038795	  0.033592	  0.781209	  0.146405	
  0.728916	  0.032888	  0.088836	  0.149360	
  0.197826	  0.427858	  0.055755	  0.318561	
  0.264938	  0.196184	  0.092516	  0.446362	
  0.267969	  0.195624	  0.318766	  0.217641	
  0.225006	  0.250404	  0.267265	  0.257324	

MOTIF UP00007.1.ZHAO2011 sci09.v1_Egr1_2580

letter-probability matrix: alength= 4 w= 17 nsites= 20 E= 0
  0.200374	  0.142620	  0.512953	  0.144053	
  0.299218	  0.420385	  0.169215	  0.111182	
  0.096559	  0.052465	  0.804444	  0.046532	
  0.071836	  0.067652	  0.430256	  0.430256	
  0.169027	  0.017289	  0.772828	  0.040856	
  0.002996	  0.004698	  0.979662	  0.012644	
  0.033806	  0.001463	  0.889493	  0.075238	
  0.189337	  0.484699	  0.087665	  0.238299	
  0.243913	  0.117544	  0.481454	  0.157089	
  0.308308	  0.186057	  0.405306	  0.100329	
  0.042683	  0.297023	  0.586692	  0.073602	
  0.206170	  0.300724	  0.114293	  0.378813	
  0.461323	  0.128561	  0.407980	  0.002136	
  0.687179	  0.029839	  0.108943	  0.174039	
  0.002436	  0.000000	  0.997564	  0.000000	
  0.000000	  0.000000	  0.000000	  1.000000	
  0.992203	  0.000000	  0.007797	  0.000000	

MOTIF UP00007.2.ZHAO2011 sci09.v2_Egr1_2580

letter-probability matrix: alength= 4 w= 17 nsites= 20 E= 0
  0.174390	  0.131801	  0.584815	  0.108994	
  0.290947	  0.434042	  0.187380	  0.087631	
  0.075844	  0.038810	  0.852929	  0.032417	
  0.042348	  0.051210	  0.466813	  0.439628	
  0.148903	  0.009615	  0.815085	  0.026398	
  0.000358	  0.000529	  0.995282	  0.003831	
  0.040387	  0.014275	  0.896501	  0.048838	
  0.170360	  0.538031	  0.070663	  0.220946	
  0.248520	  0.120968	  0.495478	  0.135034	
  0.308308	  0.186057	  0.405306	  0.100329	
  0.042683	  0.297023	  0.586692	  0.073602	
  0.206170	  0.300724	  0.114293	  0.378813	
  0.461323	  0.128561	  0.407980	  0.002136	
  0.687179	  0.029839	  0.108943	  0.174039	
  0.002436	  0.000000	  0.997564	  0.000000	
  0.000000	  0.000000	  0.000000	  1.000000	
  0.992203	  0.000000	  0.007797	  0.000000	

MOTIF UP00400.1.ZHAO2011 nbt06.v1_Zif268_deBruijn_v1

letter-probability matrix: alength= 4 w= 9 nsites= 20 E= 0
  0.215804	  0.309318	  0.108242	  0.366636	
  0.248588	  0.100063	  0.397739	  0.253610	
  0.140070	  0.508845	  0.009996	  0.341089	
  0.422672	  0.439922	  0.074188	  0.063218	
  0.086770	  0.580132	  0.024125	  0.308973	
  0.081412	  0.038074	  0.000869	  0.879646	
  0.306235	  0.456849	  0.025390	  0.211527	
  0.216009	  0.099020	  0.485569	  0.199402	
  0.204201	  0.350410	  0.112068	  0.333321	

MOTIF UP00400.2.ZHAO2011 nbt06.v2_Zif268_deBruijn_v2

letter-probability matrix: alength= 4 w= 9 nsites= 20 E= 0
  0.231911	  0.109547	  0.448700	  0.209842	
  0.118476	  0.776435	  0.033944	  0.071145	
  0.007589	  0.969412	  0.019623	  0.003376	
  0.061160	  0.701693	  0.017176	  0.219971	
  0.494206	  0.392663	  0.052612	  0.060519	
  0.026887	  0.899339	  0.008950	  0.064823	
  0.205550	  0.108385	  0.505572	  0.180493	
  0.146862	  0.468481	  0.142522	  0.242135	
  0.344849	  0.209161	  0.243011	  0.202980	

MOTIF EGR1_1.3DFOOTPRINT EGR1

letter-probability matrix: alength= 4 w= 9 nsites= 20 E= 0
  0.000000	  1.000000	  0.000000	  0.000000	
  0.500000	  0.125000	  0.250000	  0.125000	
  0.000000	  1.000000	  0.000000	  0.000000	
  0.000000	  1.000000	  0.000000	  0.000000	
  0.000000	  1.000000	  0.000000	  0.000000	
  1.000000	  0.000000	  0.000000	  0.000000	
  0.000000	  1.000000	  0.000000	  0.000000	
  0.000000	  0.000000	  1.000000	  0.000000	
  0.000000	  1.000000	  0.000000	  0.000000	

MOTIF EGR1_2.3DFOOTPRINT EGR1

letter-probability matrix: alength= 4 w= 8 nsites= 20 E= 0
  0.000000	  0.000000	  1.000000	  0.000000	
  0.000000	  1.000000	  0.000000	  0.000000	
  0.000000	  1.000000	  0.000000	  0.000000	
  0.000000	  1.000000	  0.000000	  0.000000	
  1.000000	  0.000000	  0.000000	  0.000000	
  0.000000	  1.000000	  0.000000	  0.000000	
  0.000000	  0.000000	  1.000000	  0.000000	
  0.000000	  0.791667	  0.010417	  0.197917	

MOTIF EGR1_3.3DFOOTPRINT EGR1

letter-probability matrix: alength= 4 w= 8 nsites= 20 E= 0
  0.000000	  0.000000	  1.000000	  0.000000	
  0.000000	  1.000000	  0.000000	  0.000000	
  0.000000	  1.000000	  0.000000	  0.000000	
  0.000000	  1.000000	  0.000000	  0.000000	
  1.000000	  0.000000	  0.000000	  0.000000	
  0.093750	  0.697917	  0.114583	  0.093750	
  0.000000	  0.000000	  1.000000	  0.000000	
  0.093750	  0.718750	  0.093750	  0.093750	

MOTIF EGR1_1.GUERTIN EGR1

letter-probability matrix: alength= 4 w= 15 nsites= 20 E= 0
  0.127398	  0.445894	  0.178818	  0.247889	
  0.204912	  0.712203	  0.033001	  0.049885	
  0.031466	  0.918649	  0.000000	  0.049885	
  0.300844	  0.000000	  0.490407	  0.208749	
  0.000000	  0.995395	  0.004605	  0.000000	
  0.021489	  0.978511	  0.000000	  0.000000	
  0.001535	  0.904835	  0.000000	  0.093630	
  0.508058	  0.490407	  0.000000	  0.001535	
  0.000000	  0.995395	  0.000000	  0.004605	
  0.246355	  0.090560	  0.480430	  0.182655	
  0.022256	  0.732924	  0.115119	  0.129701	
  0.342287	  0.376055	  0.123561	  0.158097	
  0.135840	  0.423638	  0.216424	  0.224098	
  0.184190	  0.363776	  0.211819	  0.240215	
  0.139678	  0.465081	  0.204144	  0.191097	

MOTIF EGR1_2.GUERTIN EGR1

letter-probability matrix: alength= 4 w= 19 nsites= 20 E= 0
  0.181818	  0.000000	  0.727273	  0.090909	
  0.000000	  0.909091	  0.030303	  0.060606	
  0.060606	  0.090909	  0.000000	  0.848485	
  0.181818	  0.000000	  0.818182	  0.000000	
  0.212121	  0.030303	  0.666667	  0.090909	
  0.212121	  0.000000	  0.787879	  0.000000	
  0.969697	  0.030303	  0.000000	  0.000000	
  0.030303	  0.090909	  0.000000	  0.878788	
  0.000000	  0.030303	  0.030303	  0.939394	
  0.818182	  0.090909	  0.090909	  0.000000	
  0.030303	  0.878788	  0.000000	  0.090909	
  0.909091	  0.000000	  0.060606	  0.030303	
  0.242424	  0.000000	  0.757576	  0.000000	
  0.151515	  0.060606	  0.727273	  0.060606	
  0.151515	  0.515152	  0.000000	  0.333333	
  0.393939	  0.030303	  0.545455	  0.030303	
  0.000000	  0.000000	  0.000000	  1.000000	
  0.030303	  0.030303	  0.757576	  0.181818	
  0.878788	  0.121212	  0.000000	  0.000000	

MOTIF EGR1_3.GUERTIN EGR1

letter-probability matrix: alength= 4 w= 15 nsites= 20 E= 0
  0.846939	  0.000000	  0.000000	  0.153061	
  0.714286	  0.000000	  0.132653	  0.153061	
  0.581633	  0.010204	  0.255102	  0.153061	
  0.663265	  0.000000	  0.000000	  0.336735	
  0.428571	  0.234694	  0.214286	  0.122449	
  0.724490	  0.102041	  0.081633	  0.091837	
  0.581633	  0.234694	  0.091837	  0.091837	
  0.632653	  0.030612	  0.051020	  0.285714	
  0.500000	  0.081633	  0.357143	  0.061224	
  0.806122	  0.000000	  0.081633	  0.112245	
  0.428571	  0.326531	  0.071429	  0.173469	
  0.744898	  0.000000	  0.000000	  0.255102	
  0.377551	  0.153061	  0.367347	  0.102041	
  0.704082	  0.000000	  0.000000	  0.295918	
  0.500000	  0.183673	  0.112245	  0.204082	

MOTIF EGR1_4.GUERTIN EGR1

letter-probability matrix: alength= 4 w= 19 nsites= 20 E= 0
  0.045455	  0.000000	  0.954545	  0.000000	
  0.000000	  0.863636	  0.045455	  0.090909	
  0.090909	  0.772727	  0.000000	  0.136364	
  0.500000	  0.000000	  0.500000	  0.000000	
  0.045455	  0.000000	  0.954545	  0.000000	
  0.045455	  0.000000	  0.954545	  0.000000	
  0.000000	  0.681818	  0.045455	  0.272727	
  0.318182	  0.000000	  0.681818	  0.000000	
  0.045455	  0.727273	  0.000000	  0.227273	
  0.409091	  0.000000	  0.590909	  0.000000	
  0.000000	  0.000000	  1.000000	  0.000000	
  0.000000	  0.000000	  0.000000	  1.000000	
  0.000000	  0.000000	  1.000000	  0.000000	
  0.363636	  0.000000	  0.636364	  0.000000	
  0.000000	  0.954545	  0.000000	  0.045455	
  0.045455	  0.000000	  0.000000	  0.954545	
  0.000000	  0.909091	  0.045455	  0.045455	
  1.000000	  0.000000	  0.000000	  0.000000	
  0.045455	  0.727273	  0.090909	  0.136364	

MOTIF EGR1.1_1.ZLAB EGR1

letter-probability matrix: alength= 4 w= 21 nsites= 20 E= 0
  0.213552	  0.258727	  0.386037	  0.141684	
  0.190965	  0.248460	  0.457906	  0.102669	
  0.149897	  0.178645	  0.279261	  0.392197	
  0.034908	  0.043121	  0.921971	  0.000000	
  0.080082	  0.856263	  0.000000	  0.063655	
  0.000000	  0.000000	  1.000000	  0.000000	
  0.000000	  0.006160	  0.542094	  0.451745	
  0.053388	  0.000000	  0.946612	  0.000000	
  0.000000	  0.000000	  1.000000	  0.000000	
  0.000000	  0.000000	  1.000000	  0.000000	
  0.086242	  0.714579	  0.000000	  0.199179	
  0.004107	  0.000000	  0.985626	  0.010267	
  0.047228	  0.020534	  0.774127	  0.158111	
  0.242300	  0.203285	  0.433265	  0.121150	
  0.225873	  0.172485	  0.472279	  0.129363	
  0.170431	  0.203285	  0.498973	  0.127310	
  0.168378	  0.318275	  0.367556	  0.145791	
  0.182752	  0.201232	  0.453799	  0.162218	
  0.182752	  0.248460	  0.449692	  0.119097	
  0.112936	  0.232033	  0.492813	  0.162218	
  0.160164	  0.234086	  0.478439	  0.127310	

MOTIF EGR1.1_2.ZLAB EGR1

letter-probability matrix: alength= 4 w= 14 nsites= 20 E= 0
  0.000000	  0.500000	  0.000000	  0.500000	
  0.000000	  0.469697	  0.151515	  0.378788	
  0.000000	  0.833333	  0.000000	  0.166667	
  0.515152	  0.000000	  0.060606	  0.424242	
  0.000000	  0.575758	  0.106061	  0.318182	
  0.090909	  0.409091	  0.000000	  0.500000	
  0.000000	  0.348485	  0.015152	  0.636364	
  0.075758	  0.560606	  0.000000	  0.363636	
  0.000000	  0.666667	  0.060606	  0.272727	
  0.015152	  0.257576	  0.000000	  0.727273	
  0.045455	  0.590909	  0.000000	  0.363636	
  0.000000	  0.257576	  0.000000	  0.742424	
  0.090909	  0.575758	  0.000000	  0.333333	
  0.000000	  0.378788	  0.075758	  0.545455	

MOTIF EGR1.1_3.ZLAB EGR1

letter-probability matrix: alength= 4 w= 19 nsites= 20 E= 0
  0.000000	  0.941176	  0.000000	  0.058824	
  0.823529	  0.117647	  0.000000	  0.058824	
  0.000000	  0.941176	  0.058824	  0.000000	
  0.941176	  0.058824	  0.000000	  0.000000	
  0.000000	  0.764706	  0.058824	  0.176471	
  0.823529	  0.000000	  0.117647	  0.058824	
  0.000000	  0.823529	  0.000000	  0.176471	
  0.764706	  0.117647	  0.117647	  0.000000	
  0.058824	  0.705882	  0.176471	  0.058824	
  0.705882	  0.000000	  0.058824	  0.235294	
  0.058824	  0.941176	  0.000000	  0.000000	
  0.352941	  0.352941	  0.235294	  0.058824	
  0.117647	  0.647059	  0.117647	  0.117647	
  0.352941	  0.235294	  0.352941	  0.058824	
  0.117647	  0.882353	  0.000000	  0.000000	
  0.823529	  0.000000	  0.176471	  0.000000	
  0.058824	  0.764706	  0.176471	  0.000000	
  0.882353	  0.000000	  0.117647	  0.000000	
  0.000000	  0.764706	  0.000000	  0.235294	

MOTIF EGR1.1_4.ZLAB EGR1

letter-probability matrix: alength= 4 w= 14 nsites= 20 E= 0
  0.631579	  0.000000	  0.368421	  0.000000	
  0.842105	  0.000000	  0.157895	  0.000000	
  0.631579	  0.000000	  0.368421	  0.000000	
  0.210526	  0.789474	  0.000000	  0.000000	
  0.315789	  0.052632	  0.000000	  0.631579	
  0.578947	  0.105263	  0.315789	  0.000000	
  0.000000	  1.000000	  0.000000	  0.000000	
  1.000000	  0.000000	  0.000000	  0.000000	
  0.368421	  0.421053	  0.000000	  0.210526	
  0.052632	  0.210526	  0.263158	  0.473684	
  0.000000	  0.000000	  0.052632	  0.947368	
  0.105263	  0.736842	  0.000000	  0.157895	
  0.052632	  0.947368	  0.000000	  0.000000	
  0.000000	  0.684211	  0.000000	  0.315789	

MOTIF EGR1.1_5.ZLAB EGR1

letter-probability matrix: alength= 4 w= 14 nsites= 20 E= 0
  0.000000	  0.777778	  0.022222	  0.200000	
  0.266667	  0.222222	  0.222222	  0.288889	
  0.066667	  0.533333	  0.355556	  0.044444	
  0.044444	  0.155556	  0.088889	  0.711111	
  0.000000	  0.000000	  1.000000	  0.000000	
  0.244444	  0.755556	  0.000000	  0.000000	
  0.000000	  0.000000	  1.000000	  0.000000	
  0.000000	  1.000000	  0.000000	  0.000000	
  0.377778	  0.355556	  0.244444	  0.022222	
  0.022222	  0.000000	  0.133333	  0.844444	
  0.000000	  0.155556	  0.844444	  0.000000	
  0.000000	  0.955556	  0.044444	  0.000000	
  0.000000	  0.000000	  0.955556	  0.044444	
  0.000000	  0.844444	  0.000000	  0.155556	

MOTIF Egr1.TF2DNA Egr1

letter-probability matrix: alength= 4 w= 7 nsites= 20 E= 0
  0.013000	  0.987000	  0.000000	  0.000000	
  0.000000	  0.038000	  0.962000	  0.000000	
  0.000000	  1.000000	  0.000000	  0.000000	
  0.000000	  1.000000	  0.000000	  0.000000	
  0.000000	  1.000000	  0.000000	  0.000000	
  0.509000	  0.329000	  0.026000	  0.135000	
  0.122000	  0.399000	  0.257000	  0.222000	

MOTIF EGR1.SWISSREGULON EGR1..3.p2

letter-probability matrix: alength= 4 w= 11 nsites= 20 E= 0
  0.033307	  0.148731	  0.325700	  0.492262	
  0.005555	  0.000000	  0.994445	  0.000000	
  0.011114	  0.939284	  0.000000	  0.049601	
  0.000000	  0.000000	  1.000000	  0.000000	
  0.000000	  0.000000	  0.226459	  0.773541	
  0.088559	  0.000000	  0.911441	  0.000000	
  0.000000	  0.000000	  1.000000	  0.000000	
  0.011110	  0.000000	  0.988890	  0.000000	
  0.033101	  0.773644	  0.000000	  0.193254	
  0.000000	  0.000000	  0.994521	  0.005479	
  0.011117	  0.005526	  0.856584	  0.126774	

MOTIF M4459_1.02.CIS-BP EGR1

letter-probability matrix: alength= 4 w= 19 nsites= 20 E= 0
  0.153527	  0.186722	  0.288382	  0.371369	
  0.035270	  0.043568	  0.921162	  0.000000	
  0.087137	  0.856846	  0.000000	  0.056017	
  0.000000	  0.000000	  1.000000	  0.000000	
  0.000000	  0.004149	  0.560166	  0.435685	
  0.053942	  0.000000	  0.946058	  0.000000	
  0.000000	  0.000000	  1.000000	  0.000000	
  0.000000	  0.000000	  1.000000	  0.000000	
  0.091286	  0.715768	  0.000000	  0.192946	
  0.012448	  0.002075	  0.975104	  0.010373	
  0.053942	  0.024896	  0.763486	  0.157676	
  0.248963	  0.219917	  0.410788	  0.120332	
  0.226141	  0.174274	  0.473029	  0.126556	
  0.165975	  0.205394	  0.497925	  0.130705	
  0.172199	  0.307054	  0.381743	  0.139004	
  0.186722	  0.184647	  0.458506	  0.170124	
  0.190871	  0.251037	  0.441909	  0.116183	
  0.114108	  0.228216	  0.495851	  0.161826	
  0.161826	  0.226141	  0.481328	  0.130705	

