MEME version 4.4

ALPHABET= ACGT

strands: + -

Background letter frequencies (from uniform background):
A 0.25000 C 0.25000 G 0.25000 T 0.25000 

MOTIF MA0496.1.JASPAR MAFK

letter-probability matrix: alength= 4 w= 14 nsites= 20 E= 0
  0.250683	  0.218424	  0.063925	  0.466968	
  0.285688	  0.152509	  0.351045	  0.210758	
  0.571887	  0.079980	  0.132111	  0.216022	
  0.169979	  0.286758	  0.481510	  0.061754	
  0.000000	  0.004293	  0.000000	  0.995707	
  0.043905	  0.956095	  0.000000	  0.000000	
  1.000000	  0.000000	  0.000000	  0.000000	
  0.000000	  0.000000	  0.913621	  0.086379	
  0.000000	  0.999210	  0.000790	  0.000000	
  0.952361	  0.007074	  0.000000	  0.040566	
  0.386100	  0.160799	  0.162083	  0.291018	
  0.446850	  0.065175	  0.020859	  0.467116	
  0.343231	  0.086017	  0.025909	  0.544843	
  0.284290	  0.152805	  0.044399	  0.518506	

MOTIF MAFK_si.HOCOMOCO MAFK

letter-probability matrix: alength= 4 w= 9 nsites= 20 E= 0
  0.000000	  0.000000	  1.000000	  0.000000	
  0.000000	  1.000000	  0.000000	  0.000000	
  0.000000	  0.187500	  0.000000	  0.812500	
  0.062500	  0.000000	  0.875000	  0.062500	
  0.937500	  0.000000	  0.000000	  0.062500	
  0.000000	  0.187500	  0.812500	  0.000000	
  0.000000	  0.000000	  0.000000	  1.000000	
  0.000000	  1.000000	  0.000000	  0.000000	
  1.000000	  0.000000	  0.000000	  0.000000	

MOTIF MafK.HOMER C2C12-MafK-ChIP-Seq

letter-probability matrix: alength= 4 w= 11 nsites= 20 E= 0
  0.094000	  0.778000	  0.098000	  0.030000	
  0.071000	  0.072000	  0.001000	  0.856000	
  0.104000	  0.004000	  0.788000	  0.104000	
  0.883000	  0.018000	  0.055000	  0.044000	
  0.048000	  0.446000	  0.452000	  0.055000	
  0.055000	  0.046000	  0.016000	  0.883000	
  0.123000	  0.815000	  0.006000	  0.056000	
  0.901000	  0.001000	  0.027000	  0.071000	
  0.019000	  0.030000	  0.767000	  0.184000	
  0.089000	  0.696000	  0.147000	  0.068000	
  0.641000	  0.135000	  0.130000	  0.094000	

MOTIF MAFK_DBD_1.JOLMA MAFK

letter-probability matrix: alength= 4 w= 11 nsites= 20 E= 0
  0.463551	  0.074505	  0.156850	  0.305094	
  0.470606	  0.051788	  0.082463	  0.395142	
  0.411972	  0.074775	  0.073628	  0.439625	
  0.290687	  0.161981	  0.217556	  0.329776	
  0.040240	  0.158448	  0.000031	  0.801281	
  0.000000	  0.000000	  1.000000	  0.000000	
  0.057560	  0.938813	  0.003627	  0.000000	
  0.007414	  0.003631	  0.000000	  0.988955	
  0.003374	  0.000000	  0.900062	  0.096564	
  0.974651	  0.012153	  0.000000	  0.013197	
  0.055307	  0.476037	  0.291834	  0.176822	

MOTIF MAFK_DBD_2.JOLMA MAFK

letter-probability matrix: alength= 4 w= 20 nsites= 20 E= 0
  0.413202	  0.119283	  0.154626	  0.312890	
  0.354888	  0.154734	  0.152938	  0.337439	
  0.300735	  0.169496	  0.233595	  0.296174	
  0.096433	  0.197820	  0.029723	  0.676024	
  0.019153	  0.029155	  0.945308	  0.006384	
  0.113153	  0.853426	  0.004774	  0.028646	
  0.087817	  0.092496	  0.041929	  0.777758	
  0.076385	  0.038193	  0.716283	  0.169139	
  0.790236	  0.095856	  0.037885	  0.076023	
  0.122478	  0.433010	  0.304883	  0.139629	
  0.105606	  0.045027	  0.091863	  0.757505	
  0.204082	  0.660590	  0.049733	  0.085595	
  0.742897	  0.048440	  0.095715	  0.112948	
  0.041037	  0.005105	  0.826625	  0.127233	
  0.009794	  0.930670	  0.036082	  0.023454	
  0.607259	  0.047716	  0.234095	  0.110930	
  0.269095	  0.217501	  0.187152	  0.326252	
  0.333754	  0.136983	  0.153128	  0.376135	
  0.324507	  0.130652	  0.111416	  0.433425	
  0.260339	  0.204036	  0.130045	  0.405580	

MOTIF MAFK_full_1.JOLMA MAFK

letter-probability matrix: alength= 4 w= 11 nsites= 20 E= 0
  0.517542	  0.058276	  0.183350	  0.240833	
  0.515857	  0.032507	  0.072646	  0.378989	
  0.443310	  0.077701	  0.072448	  0.406541	
  0.345094	  0.094351	  0.188900	  0.371655	
  0.045049	  0.172279	  0.006996	  0.775677	
  0.000000	  0.001483	  0.997233	  0.001285	
  0.069369	  0.923401	  0.000000	  0.007230	
  0.017866	  0.018152	  0.000000	  0.963982	
  0.021542	  0.001844	  0.845767	  0.130847	
  0.947952	  0.027621	  0.000000	  0.024427	
  0.028246	  0.503568	  0.322894	  0.145292	

MOTIF MAFK_full_2.JOLMA MAFK

letter-probability matrix: alength= 4 w= 14 nsites= 20 E= 0
  0.085836	  0.021713	  0.027394	  0.865057	
  0.008438	  0.015671	  0.973652	  0.002239	
  0.111404	  0.863201	  0.004073	  0.021322	
  0.125319	  0.082070	  0.035587	  0.757024	
  0.094332	  0.065066	  0.702515	  0.138088	
  0.875840	  0.048413	  0.014130	  0.061617	
  0.129519	  0.302950	  0.384121	  0.183411	
  0.059389	  0.011532	  0.097252	  0.831828	
  0.176822	  0.726205	  0.037634	  0.059339	
  0.746952	  0.029382	  0.094543	  0.129123	
  0.029208	  0.001210	  0.842724	  0.126858	
  0.002622	  0.932777	  0.039094	  0.025507	
  0.454502	  0.019381	  0.458284	  0.067833	
  0.319823	  0.176567	  0.205218	  0.298393	

MOTIF UP00044_1.UNIPROBE Mafk_primary

letter-probability matrix: alength= 4 w= 14 nsites= 20 E= 0
  0.489106	  0.078574	  0.157014	  0.275306	
  0.744659	  0.025715	  0.102440	  0.127186	
  0.677561	  0.030532	  0.064134	  0.227772	
  0.621949	  0.037389	  0.034818	  0.305844	
  0.394828	  0.100590	  0.123295	  0.381287	
  0.040491	  0.082155	  0.007425	  0.869929	
  0.023425	  0.010118	  0.934562	  0.031895	
  0.108761	  0.847231	  0.005930	  0.038078	
  0.049587	  0.025925	  0.010216	  0.914271	
  0.048851	  0.008289	  0.821725	  0.121135	
  0.919694	  0.018019	  0.017253	  0.045033	
  0.013536	  0.716811	  0.037362	  0.232291	
  0.148097	  0.100721	  0.092846	  0.658336	
  0.185674	  0.220883	  0.168608	  0.424835	

MOTIF UP00044_2.UNIPROBE Mafk_secondary

letter-probability matrix: alength= 4 w= 14 nsites= 20 E= 0
  0.317105	  0.250774	  0.206169	  0.225952	
  0.589909	  0.146264	  0.176464	  0.087364	
  0.805648	  0.031025	  0.116712	  0.046614	
  0.859239	  0.012630	  0.068740	  0.059391	
  0.877855	  0.017270	  0.013520	  0.091354	
  0.822443	  0.051458	  0.029433	  0.096666	
  0.175032	  0.076822	  0.256419	  0.491726	
  0.028231	  0.131221	  0.031440	  0.809107	
  0.050608	  0.039418	  0.847824	  0.062150	
  0.041983	  0.868232	  0.042708	  0.047077	
  0.757931	  0.111841	  0.090214	  0.040013	
  0.451956	  0.283644	  0.033652	  0.230747	
  0.058765	  0.285975	  0.414514	  0.240747	
  0.391919	  0.133805	  0.407813	  0.066464	

MOTIF UP00044.1.ZHAO2011 sci09.v1_Mafk_3106

letter-probability matrix: alength= 4 w= 27 nsites= 20 E= 0
  0.304661	  0.186643	  0.230258	  0.278439	
  0.183565	  0.142961	  0.451498	  0.221976	
  0.137013	  0.561197	  0.142604	  0.159186	
  0.529603	  0.050508	  0.260376	  0.159513	
  0.403969	  0.170944	  0.228455	  0.196633	
  0.495216	  0.111608	  0.161579	  0.231596	
  0.429138	  0.153205	  0.124186	  0.293471	
  0.333798	  0.192584	  0.159259	  0.314359	
  0.272470	  0.223080	  0.220860	  0.283590	
  0.063049	  0.430246	  0.262118	  0.244588	
  0.215995	  0.265528	  0.373832	  0.144645	
  0.126679	  0.003641	  0.869680	  0.000000	
  0.022309	  0.069961	  0.078092	  0.829638	
  0.151870	  0.522041	  0.015068	  0.311021	
  0.297377	  0.029814	  0.602581	  0.070228	
  0.000000	  0.929151	  0.000000	  0.070849	
  0.011103	  0.829137	  0.021942	  0.137818	
  0.766906	  0.100054	  0.055644	  0.077396	
  0.058759	  0.114632	  0.014806	  0.811803	
  0.185468	  0.000000	  0.814532	  0.000000	
  0.007285	  0.000000	  0.992715	  0.000000	
  0.144108	  0.696446	  0.043948	  0.115498	
  0.962846	  0.007285	  0.026117	  0.003752	
  0.985241	  0.000000	  0.014759	  0.000000	
  0.000000	  0.996243	  0.000000	  0.003757	
  0.295549	  0.340341	  0.297108	  0.067003	
  0.330283	  0.114790	  0.495619	  0.059308	

MOTIF UP00044.2.ZHAO2011 sci09.v2_Mafk_3106

letter-probability matrix: alength= 4 w= 23 nsites= 20 E= 0
  0.237397	  0.376054	  0.160731	  0.225819	
  0.422395	  0.139204	  0.199525	  0.238875	
  0.213742	  0.100964	  0.520488	  0.164806	
  0.206685	  0.567476	  0.096660	  0.129179	
  0.602259	  0.053554	  0.235259	  0.108928	
  0.408839	  0.181876	  0.166222	  0.243063	
  0.396912	  0.118358	  0.159767	  0.324964	
  0.379065	  0.155665	  0.118831	  0.346439	
  0.299905	  0.195091	  0.156564	  0.348440	
  0.288937	  0.236159	  0.314158	  0.160746	
  0.444831	  0.069599	  0.360446	  0.125125	
  0.681649	  0.006849	  0.082536	  0.228966	
  0.909747	  0.000000	  0.007046	  0.083208	
  0.513028	  0.000000	  0.028726	  0.458247	
  0.104040	  0.339873	  0.318799	  0.237287	
  0.075953	  0.062192	  0.055332	  0.806524	
  0.672193	  0.000000	  0.327807	  0.000000	
  0.000000	  0.000000	  1.000000	  0.000000	
  0.000000	  0.000000	  0.992929	  0.007071	
  0.000000	  0.000000	  0.007019	  0.992981	
  0.000000	  1.000000	  0.000000	  0.000000	
  0.965450	  0.000000	  0.027713	  0.006837	
  0.290509	  0.174152	  0.444689	  0.090651	

MOTIF MAFK_1.GUERTIN MAFK

letter-probability matrix: alength= 4 w= 19 nsites= 20 E= 0
  0.476359	  0.108747	  0.154846	  0.260047	
  0.484634	  0.089835	  0.118203	  0.307329	
  0.400709	  0.133570	  0.127660	  0.338061	
  0.270686	  0.192671	  0.177305	  0.359338	
  0.226950	  0.126478	  0.226950	  0.419622	
  0.157210	  0.238771	  0.455083	  0.148936	
  0.291962	  0.449173	  0.088652	  0.170213	
  0.191489	  0.158392	  0.073286	  0.576832	
  0.224586	  0.105201	  0.497636	  0.172577	
  0.677305	  0.099291	  0.082742	  0.140662	
  0.131206	  0.356974	  0.444444	  0.067376	
  0.037825	  0.002364	  0.011820	  0.947991	
  0.065012	  0.919622	  0.000000	  0.015366	
  0.986998	  0.000000	  0.000000	  0.013002	
  0.002364	  0.002364	  0.861702	  0.133570	
  0.000000	  0.983452	  0.015366	  0.001182	
  0.839243	  0.033097	  0.021277	  0.106383	
  0.380615	  0.148936	  0.183215	  0.287234	
  0.414894	  0.068558	  0.081560	  0.434988	

MOTIF MAFK_2.GUERTIN MAFK

letter-probability matrix: alength= 4 w= 15 nsites= 20 E= 0
  0.000000	  0.306818	  0.590909	  0.102273	
  0.079545	  0.443182	  0.000000	  0.477273	
  0.079545	  0.022727	  0.704545	  0.193182	
  0.068182	  0.886364	  0.045455	  0.000000	
  0.000000	  0.954545	  0.000000	  0.045455	
  0.409091	  0.511364	  0.000000	  0.079545	
  0.000000	  0.613636	  0.000000	  0.386364	
  0.000000	  0.965909	  0.011364	  0.022727	
  0.045455	  0.125000	  0.034091	  0.795455	
  0.318182	  0.022727	  0.443182	  0.215909	
  0.000000	  0.420455	  0.568182	  0.011364	
  0.193182	  0.045455	  0.000000	  0.761364	
  0.000000	  0.000000	  1.000000	  0.000000	
  0.068182	  0.102273	  0.750000	  0.079545	
  0.045455	  0.488636	  0.227273	  0.238636	

MOTIF MAFK_3.GUERTIN MAFK

letter-probability matrix: alength= 4 w= 15 nsites= 20 E= 0
  0.088496	  0.469027	  0.000000	  0.442478	
  0.000000	  0.469027	  0.221239	  0.309735	
  0.000000	  0.601770	  0.106195	  0.292035	
  0.053097	  0.539823	  0.035398	  0.371681	
  0.000000	  0.929204	  0.000000	  0.070796	
  0.168142	  0.460177	  0.000000	  0.371681	
  0.000000	  0.893805	  0.106195	  0.000000	
  0.221239	  0.539823	  0.000000	  0.238938	
  0.300885	  0.132743	  0.159292	  0.407080	
  0.026549	  0.787611	  0.185841	  0.000000	
  0.000000	  0.823009	  0.000000	  0.176991	
  0.088496	  0.327434	  0.000000	  0.584071	
  0.035398	  0.584071	  0.256637	  0.123894	
  0.000000	  0.991150	  0.000000	  0.008850	
  0.230088	  0.495575	  0.000000	  0.274336	

MOTIF MAFK_4.GUERTIN MAFK

letter-probability matrix: alength= 4 w= 15 nsites= 20 E= 0
  0.108108	  0.216216	  0.027027	  0.648649	
  0.081081	  0.054054	  0.000000	  0.864865	
  0.081081	  0.054054	  0.162162	  0.702703	
  0.189189	  0.270270	  0.000000	  0.540541	
  0.000000	  0.081081	  0.000000	  0.918919	
  0.027027	  0.108108	  0.270270	  0.594595	
  0.027027	  0.027027	  0.000000	  0.945946	
  0.000000	  0.054054	  0.000000	  0.945946	
  0.000000	  0.108108	  0.000000	  0.891892	
  0.324324	  0.135135	  0.135135	  0.405405	
  0.000000	  0.000000	  0.189189	  0.810811	
  0.000000	  0.000000	  0.000000	  1.000000	
  0.000000	  0.135135	  0.000000	  0.864865	
  0.000000	  0.000000	  0.000000	  1.000000	
  0.135135	  0.000000	  0.000000	  0.864865	

MOTIF Mafk.TF2DNA Mafk

letter-probability matrix: alength= 4 w= 7 nsites= 20 E= 0
  0.000000	  0.000000	  0.972000	  0.028000	
  0.068000	  0.932000	  0.000000	  0.000000	
  0.000000	  0.000000	  0.000000	  1.000000	
  0.000000	  0.000000	  0.318000	  0.682000	
  0.396000	  0.466000	  0.111000	  0.027000	
  0.000000	  1.000000	  0.000000	  0.000000	
  0.096000	  0.788000	  0.068000	  0.048000	

MOTIF M2296_1.02.CIS-BP MAFK

letter-probability matrix: alength= 4 w= 14 nsites= 20 E= 0
  0.250683	  0.218424	  0.063925	  0.466968	
  0.285688	  0.152509	  0.351045	  0.210758	
  0.571887	  0.079980	  0.132111	  0.216022	
  0.169979	  0.286758	  0.481510	  0.061754	
  0.000000	  0.004293	  0.000000	  0.995707	
  0.043905	  0.956095	  0.000000	  0.000000	
  1.000000	  0.000000	  0.000000	  0.000000	
  0.000000	  0.000000	  0.913621	  0.086379	
  0.000000	  0.999210	  0.000790	  0.000000	
  0.952361	  0.007074	  0.000000	  0.040566	
  0.386100	  0.160799	  0.162083	  0.291018	
  0.446850	  0.065175	  0.020859	  0.467116	
  0.343231	  0.086017	  0.025909	  0.544843	
  0.284290	  0.152805	  0.044399	  0.518506	

