MEME version 4.4

ALPHABET= ACGT

strands: + -

Background letter frequencies (from uniform background):
A 0.25000 C 0.25000 G 0.25000 T 0.25000 

MOTIF MYB_f1.HOCOMOCO MYB

letter-probability matrix: alength= 4 w= 6 nsites= 20 E= 0
  0.611111	  0.296296	  0.074074	  0.018519	
  0.000000	  0.000000	  1.000000	  0.000000	
  0.000000	  0.000000	  0.000000	  1.000000	
  0.000000	  0.000000	  0.000000	  1.000000	
  0.296296	  0.166667	  0.462963	  0.074074	
  0.259259	  0.148148	  0.388889	  0.203704	

MOTIF MYB.HOMER ERMYB-Myb-ChIPSeq

letter-probability matrix: alength= 4 w= 7 nsites= 20 E= 0
  0.170000	  0.001000	  0.663000	  0.166000	
  0.001000	  0.997000	  0.001000	  0.001000	
  0.323000	  0.320000	  0.355000	  0.001000	
  0.001000	  0.001000	  0.997000	  0.001000	
  0.001000	  0.001000	  0.001000	  0.997000	
  0.001000	  0.001000	  0.001000	  0.997000	
  0.532000	  0.001000	  0.466000	  0.001000	

MOTIF UP00092_1.UNIPROBE Myb_primary

letter-probability matrix: alength= 4 w= 16 nsites= 20 E= 0
  0.206917	  0.095182	  0.203533	  0.494368	
  0.222004	  0.148675	  0.347360	  0.281962	
  0.261099	  0.154556	  0.318840	  0.265505	
  0.377807	  0.263226	  0.136863	  0.222105	
  0.760794	  0.008750	  0.150250	  0.080207	
  0.825640	  0.005474	  0.090464	  0.078422	
  0.026327	  0.960952	  0.000707	  0.012015	
  0.006831	  0.825142	  0.158264	  0.009762	
  0.003618	  0.003083	  0.991947	  0.001351	
  0.005535	  0.009490	  0.008936	  0.976039	
  0.014230	  0.225407	  0.002645	  0.757718	
  0.683148	  0.019522	  0.184293	  0.113036	
  0.312491	  0.189333	  0.105503	  0.392673	
  0.330394	  0.234925	  0.083817	  0.350864	
  0.290215	  0.302656	  0.081892	  0.325237	
  0.235445	  0.214519	  0.215223	  0.334814	

MOTIF UP00092_2.UNIPROBE Myb_secondary

letter-probability matrix: alength= 4 w= 15 nsites= 20 E= 0
  0.195121	  0.188791	  0.391777	  0.224311	
  0.514704	  0.191753	  0.122477	  0.171066	
  0.063609	  0.633099	  0.088173	  0.215120	
  0.125737	  0.620566	  0.012681	  0.241016	
  0.985342	  0.002529	  0.005984	  0.006145	
  0.986092	  0.007796	  0.003341	  0.002771	
  0.004947	  0.985867	  0.004474	  0.004712	
  0.023351	  0.140013	  0.015937	  0.820699	
  0.020749	  0.006802	  0.969227	  0.003223	
  0.150942	  0.638406	  0.020813	  0.189838	
  0.030781	  0.907267	  0.014632	  0.047320	
  0.502947	  0.055027	  0.326515	  0.115511	
  0.204781	  0.281209	  0.218985	  0.295024	
  0.191705	  0.247567	  0.338912	  0.221816	
  0.224641	  0.309544	  0.218985	  0.246831	

MOTIF UP00092.1.ZHAO2011 sci09.v1_Myb_1047

letter-probability matrix: alength= 4 w= 24 nsites= 20 E= 0
  0.000416	  0.097721	  0.019928	  0.881935	
  0.000326	  0.010154	  0.606590	  0.382930	
  0.258499	  0.000335	  0.500143	  0.241023	
  0.717478	  0.110580	  0.031367	  0.140575	
  0.136671	  0.690610	  0.017074	  0.155645	
  0.131172	  0.121087	  0.656227	  0.091515	
  0.181760	  0.080858	  0.591516	  0.145866	
  0.183785	  0.312239	  0.260804	  0.243172	
  0.213378	  0.258028	  0.321522	  0.207072	
  0.110474	  0.194080	  0.674935	  0.020510	
  0.117287	  0.193915	  0.389296	  0.299501	
  0.109064	  0.331936	  0.237797	  0.321202	
  0.383899	  0.030563	  0.495289	  0.090249	
  0.047364	  0.106755	  0.646505	  0.199375	
  0.081642	  0.316475	  0.426043	  0.175840	
  0.003712	  0.859666	  0.044953	  0.091670	
  0.929211	  0.020628	  0.048204	  0.001957	
  0.005194	  0.000802	  0.994004	  0.000000	
  0.601794	  0.237626	  0.153815	  0.006765	
  0.000807	  0.983373	  0.004033	  0.011788	
  0.719767	  0.048727	  0.040161	  0.191345	
  0.062852	  0.331218	  0.479553	  0.126377	
  0.162487	  0.714102	  0.037248	  0.086163	
  0.020099	  0.486808	  0.020472	  0.472621	

MOTIF UP00092.2.ZHAO2011 sci09.v2_Myb_1047

letter-probability matrix: alength= 4 w= 24 nsites= 20 E= 0
  0.978482	  0.000986	  0.014969	  0.005562	
  0.961873	  0.032749	  0.003155	  0.002223	
  0.001743	  0.997683	  0.000060	  0.000514	
  0.038375	  0.149516	  0.676821	  0.135288	
  0.110542	  0.024665	  0.776964	  0.087829	
  0.282992	  0.288709	  0.061278	  0.367021	
  0.214724	  0.428099	  0.075895	  0.281281	
  0.331280	  0.193053	  0.217666	  0.258001	
  0.303631	  0.220482	  0.184162	  0.291726	
  0.110474	  0.194080	  0.674935	  0.020510	
  0.117287	  0.193915	  0.389296	  0.299501	
  0.109064	  0.331936	  0.237797	  0.321202	
  0.383899	  0.030563	  0.495289	  0.090249	
  0.047364	  0.106755	  0.646505	  0.199375	
  0.081642	  0.316475	  0.426043	  0.175840	
  0.003712	  0.859666	  0.044953	  0.091670	
  0.929211	  0.020628	  0.048204	  0.001957	
  0.005194	  0.000802	  0.994004	  0.000000	
  0.601794	  0.237626	  0.153815	  0.006765	
  0.000807	  0.983373	  0.004033	  0.011788	
  0.719767	  0.048727	  0.040161	  0.191345	
  0.062852	  0.331218	  0.479553	  0.126377	
  0.162487	  0.714102	  0.037248	  0.086163	
  0.020099	  0.486808	  0.020472	  0.472621	

MOTIF Myb.TF2DNA Myb

letter-probability matrix: alength= 4 w= 8 nsites= 20 E= 0
  1.000000	  0.000000	  0.000000	  0.000000	
  0.913000	  0.087000	  0.000000	  0.000000	
  0.000000	  1.000000	  0.000000	  0.000000	
  0.215000	  0.000000	  0.785000	  0.000000	
  0.000000	  0.000000	  0.928000	  0.072000	
  0.513000	  0.379000	  0.083000	  0.025000	
  0.423000	  0.183000	  0.037000	  0.357000	
  0.481000	  0.144000	  0.149000	  0.226000	

MOTIF MYB.SWISSREGULON MYB.p2

letter-probability matrix: alength= 4 w= 7 nsites= 20 E= 0
  0.250342	  0.004754	  0.732179	  0.012726	
  0.005697	  0.982022	  0.007542	  0.004739	
  0.263028	  0.316545	  0.408492	  0.011935	
  0.002982	  0.001005	  0.996013	  0.000000	
  0.000971	  0.005907	  0.000917	  0.992205	
  0.002015	  0.005837	  0.004982	  0.987166	
  0.071824	  0.000000	  0.926170	  0.002006	

MOTIF M6350_1.02.CIS-BP MYB

letter-probability matrix: alength= 4 w= 6 nsites= 20 E= 0
  0.617778	  0.306667	  0.070000	  0.005556	
  0.000000	  0.000000	  1.000000	  0.000000	
  0.000000	  0.000000	  0.000000	  1.000000	
  0.000000	  0.000000	  0.000000	  1.000000	
  0.305556	  0.173333	  0.465556	  0.055556	
  0.262222	  0.135556	  0.391111	  0.211111	

