MEME version 4.4

ALPHABET= ACGT

strands: + -

Background letter frequencies (from uniform background):
A 0.25000 C 0.25000 G 0.25000 T 0.25000 

MOTIF MA0466.1.JASPAR CEBPB

letter-probability matrix: alength= 4 w= 10 nsites= 20 E= 0
  0.755804	  0.058978	  0.185217	  0.000000	
  0.000000	  0.000000	  0.000000	  1.000000	
  0.000000	  0.000000	  0.000000	  1.000000	
  0.045792	  0.000000	  0.759151	  0.195057	
  0.000000	  1.000000	  0.000000	  0.000000	
  0.750950	  0.055059	  0.100659	  0.093332	
  0.086980	  0.522182	  0.000000	  0.390838	
  0.604569	  0.395431	  0.000000	  0.000000	
  1.000000	  0.000000	  0.000000	  0.000000	
  0.000000	  0.362213	  0.020534	  0.617253	

MOTIF CEBPB_f1.HOCOMOCO CEBPB

letter-probability matrix: alength= 4 w= 9 nsites= 20 E= 0
  0.007599	  0.008359	  0.001520	  0.982523	
  0.009119	  0.002280	  0.368541	  0.620061	
  0.317629	  0.015198	  0.463526	  0.203647	
  0.139058	  0.230243	  0.142097	  0.488602	
  0.004559	  0.009119	  0.983283	  0.003040	
  0.120821	  0.792553	  0.009878	  0.076748	
  0.984043	  0.012158	  0.000760	  0.003040	
  0.992401	  0.003799	  0.003799	  0.000000	
  0.055471	  0.271277	  0.164134	  0.509119	

MOTIF CEBP.HOMER ThioMac-CEBPb-ChIP-Seq

letter-probability matrix: alength= 4 w= 9 nsites= 20 E= 0
  0.001000	  0.003000	  0.001000	  0.995000	
  0.001000	  0.001000	  0.026000	  0.972000	
  0.104000	  0.001000	  0.795000	  0.100000	
  0.076000	  0.624000	  0.055000	  0.244000	
  0.192000	  0.061000	  0.644000	  0.104000	
  0.102000	  0.757000	  0.003000	  0.138000	
  0.971000	  0.027000	  0.001000	  0.001000	
  0.993000	  0.001000	  0.005000	  0.001000	
  0.037000	  0.664000	  0.143000	  0.157000	

MOTIF CEBPB_disc1.POUR CEBPB_HepG2_encode-Snyder_seq_hsa_IgG-rab_r1:MDscan#2#Intergenic

letter-probability matrix: alength= 4 w= 9 nsites= 20 E= 0
  0.000000	  0.000000	  0.000000	  1.000000	
  0.000000	  0.000000	  0.000000	  1.000000	
  0.143396	  0.000000	  0.818868	  0.037736	
  0.000000	  0.667925	  0.000000	  0.332075	
  0.324528	  0.000000	  0.675472	  0.000000	
  0.003774	  0.833962	  0.000000	  0.162264	
  1.000000	  0.000000	  0.000000	  0.000000	
  1.000000	  0.000000	  0.000000	  0.000000	
  0.000000	  0.362264	  0.147170	  0.490566	

MOTIF CEBPB_disc2.POUR CEBPB_K562_encode-Snyder_seq_hsa_IgG-rab_r1:Trawler#1#Intergenic

letter-probability matrix: alength= 4 w= 8 nsites= 20 E= 0
  0.000000	  0.000000	  1.000000	  0.000000	
  0.000000	  1.000000	  0.000000	  0.000000	
  0.000000	  1.000000	  0.000000	  0.000000	
  0.857143	  0.142857	  0.000000	  0.000000	
  1.000000	  0.000000	  0.000000	  0.000000	
  0.000000	  0.047619	  0.000000	  0.952381	
  0.000000	  0.619048	  0.380952	  0.000000	
  0.809524	  0.000000	  0.190476	  0.000000	

MOTIF CEBPB_DBD.JOLMA CEBPB

letter-probability matrix: alength= 4 w= 9 nsites= 20 E= 0
  0.001447	  0.001491	  0.000351	  0.996712	
  0.000679	  0.000559	  0.090898	  0.907864	
  0.437130	  0.001360	  0.472044	  0.089466	
  0.015374	  0.889254	  0.008645	  0.086727	
  0.129003	  0.020334	  0.832857	  0.017806	
  0.092236	  0.829726	  0.000110	  0.077928	
  0.972409	  0.027206	  0.000385	  0.000000	
  0.999209	  0.000396	  0.000000	  0.000396	
  0.006505	  0.445568	  0.039449	  0.508477	

MOTIF CEBPB_full.JOLMA CEBPB

letter-probability matrix: alength= 4 w= 9 nsites= 20 E= 0
  0.000000	  0.000312	  0.000000	  0.999688	
  0.003964	  0.000000	  0.087486	  0.908550	
  0.460430	  0.000000	  0.483672	  0.055899	
  0.034808	  0.865893	  0.004317	  0.094981	
  0.106360	  0.008931	  0.868471	  0.016238	
  0.119941	  0.782301	  0.000975	  0.096782	
  0.990432	  0.009568	  0.000000	  0.000000	
  0.998755	  0.000000	  0.001245	  0.000000	
  0.003611	  0.362022	  0.030695	  0.603671	

MOTIF CPEB1_full.JOLMA CPEB1

letter-probability matrix: alength= 4 w= 7 nsites= 20 E= 0
  0.827471	  0.013391	  0.137299	  0.021839	
  0.005570	  0.000000	  0.004332	  0.990098	
  0.981526	  0.000000	  0.012612	  0.005863	
  0.949235	  0.000000	  0.005999	  0.044765	
  0.938347	  0.001043	  0.033042	  0.027568	
  0.994200	  0.000000	  0.005800	  0.000000	
  0.516227	  0.090019	  0.249787	  0.143967	

MOTIF Cebpb_DBD.JOLMA Cebpb

letter-probability matrix: alength= 4 w= 9 nsites= 20 E= 0
  0.000653	  0.003265	  0.001632	  0.994450	
  0.001529	  0.001834	  0.065423	  0.931214	
  0.445035	  0.001227	  0.489416	  0.064322	
  0.018751	  0.887788	  0.005052	  0.088410	
  0.098003	  0.008488	  0.881451	  0.012057	
  0.113280	  0.814439	  0.000891	  0.071390	
  0.989711	  0.008881	  0.001408	  0.000000	
  0.995750	  0.001199	  0.001308	  0.001743	
  0.003791	  0.334913	  0.033807	  0.627488	

MOTIF CEBPB_3.3DFOOTPRINT CEBPB

letter-probability matrix: alength= 4 w= 8 nsites= 20 E= 0
  0.000000	  0.000000	  0.000000	  1.000000	
  0.250000	  0.125000	  0.500000	  0.125000	
  0.000000	  1.000000	  0.000000	  0.000000	
  0.000000	  0.000000	  1.000000	  0.000000	
  0.000000	  1.000000	  0.000000	  0.000000	
  0.000000	  1.000000	  0.000000	  0.000000	
  1.000000	  0.000000	  0.000000	  0.000000	
  0.125000	  0.500000	  0.250000	  0.125000	

MOTIF CEBPB_2.3DFOOTPRINT CEBPB

letter-probability matrix: alength= 4 w= 4 nsites= 20 E= 0
  0.020833	  0.916667	  0.031250	  0.031250	
  0.041667	  0.854167	  0.062500	  0.041667	
  0.791667	  0.052083	  0.072917	  0.083333	
  0.135417	  0.458333	  0.135417	  0.270833	

MOTIF CEBPB_4.3DFOOTPRINT CEBPB

letter-probability matrix: alength= 4 w= 7 nsites= 20 E= 0
  0.031250	  0.093750	  0.000000	  0.875000	
  0.458333	  0.062500	  0.416667	  0.062500	
  0.052083	  0.854167	  0.041667	  0.052083	
  0.145833	  0.062500	  0.729167	  0.062500	
  0.000000	  0.989583	  0.010417	  0.000000	
  0.875000	  0.010417	  0.093750	  0.020833	
  0.812500	  0.062500	  0.072917	  0.052083	

MOTIF CEBPB_5.3DFOOTPRINT CEBPB

letter-probability matrix: alength= 4 w= 3 nsites= 20 E= 0
  0.010417	  0.989583	  0.000000	  0.000000	
  0.875000	  0.000000	  0.104167	  0.020833	
  0.812500	  0.062500	  0.072917	  0.052083	

MOTIF CEBPB_6.3DFOOTPRINT CEBPB

letter-probability matrix: alength= 4 w= 8 nsites= 20 E= 0
  0.000000	  0.000000	  0.000000	  1.000000	
  0.000000	  0.000000	  1.000000	  0.000000	
  0.218750	  0.104167	  0.552083	  0.125000	
  0.250000	  0.250000	  0.250000	  0.250000	
  0.125000	  0.552083	  0.104167	  0.218750	
  1.000000	  0.000000	  0.000000	  0.000000	
  1.000000	  0.000000	  0.000000	  0.000000	
  0.000000	  0.895833	  0.000000	  0.104167	

MOTIF CEBPB_7.3DFOOTPRINT CEBPB

letter-probability matrix: alength= 4 w= 3 nsites= 20 E= 0
  1.000000	  0.000000	  0.000000	  0.000000	
  1.000000	  0.000000	  0.000000	  0.000000	
  0.135417	  0.593750	  0.135417	  0.135417	

MOTIF CEBPB_8.3DFOOTPRINT CEBPB

letter-probability matrix: alength= 4 w= 19 nsites= 20 E= 0
  0.000000	  0.000000	  0.000000	  1.000000	
  0.000000	  0.000000	  1.000000	  0.000000	
  0.000000	  0.000000	  1.000000	  0.000000	
  0.000000	  1.000000	  0.000000	  0.000000	
  0.000000	  0.000000	  1.000000	  0.000000	
  0.166667	  0.750000	  0.041667	  0.041667	
  1.000000	  0.000000	  0.000000	  0.000000	
  1.000000	  0.000000	  0.000000	  0.000000	
  0.250000	  0.250000	  0.250000	  0.250000	
  0.250000	  0.250000	  0.250000	  0.250000	
  0.250000	  0.250000	  0.250000	  0.250000	
  0.250000	  0.250000	  0.250000	  0.250000	
  0.041667	  0.041667	  0.041667	  0.875000	
  1.000000	  0.000000	  0.000000	  0.000000	
  1.000000	  0.000000	  0.000000	  0.000000	
  0.000000	  1.000000	  0.000000	  0.000000	
  0.093750	  0.041667	  0.770833	  0.093750	
  0.000000	  0.093750	  0.906250	  0.000000	
  0.875000	  0.041667	  0.041667	  0.041667	

MOTIF CEBPB_9.3DFOOTPRINT CEBPB

letter-probability matrix: alength= 4 w= 4 nsites= 20 E= 0
  0.062500	  0.041667	  0.041667	  0.854167	
  0.041667	  0.041667	  0.864583	  0.052083	
  0.031250	  0.020833	  0.927083	  0.020833	
  0.104167	  0.739583	  0.083333	  0.072917	

MOTIF CEBPB_10.3DFOOTPRINT CEBPB

letter-probability matrix: alength= 4 w= 18 nsites= 20 E= 0
  0.000000	  0.000000	  1.000000	  0.000000	
  0.000000	  0.000000	  1.000000	  0.000000	
  0.000000	  1.000000	  0.000000	  0.000000	
  0.000000	  0.000000	  1.000000	  0.000000	
  0.000000	  1.000000	  0.000000	  0.000000	
  1.000000	  0.000000	  0.000000	  0.000000	
  1.000000	  0.000000	  0.000000	  0.000000	
  0.250000	  0.250000	  0.250000	  0.250000	
  0.250000	  0.250000	  0.250000	  0.250000	
  0.250000	  0.250000	  0.250000	  0.250000	
  0.250000	  0.250000	  0.250000	  0.250000	
  0.093750	  0.093750	  0.093750	  0.718750	
  1.000000	  0.000000	  0.000000	  0.000000	
  1.000000	  0.000000	  0.000000	  0.000000	
  0.000000	  1.000000	  0.000000	  0.000000	
  0.093750	  0.093750	  0.697917	  0.114583	
  0.000000	  0.000000	  1.000000	  0.000000	
  0.697917	  0.093750	  0.093750	  0.114583	

MOTIF CEBPB_11.3DFOOTPRINT CEBPB

letter-probability matrix: alength= 4 w= 19 nsites= 20 E= 0
  0.000000	  0.000000	  0.000000	  1.000000	
  0.000000	  0.000000	  1.000000	  0.000000	
  0.000000	  0.000000	  1.000000	  0.000000	
  0.000000	  1.000000	  0.000000	  0.000000	
  0.000000	  0.000000	  1.000000	  0.000000	
  0.093750	  0.906250	  0.000000	  0.000000	
  1.000000	  0.000000	  0.000000	  0.000000	
  1.000000	  0.000000	  0.000000	  0.000000	
  0.052083	  0.645833	  0.041667	  0.260417	
  0.250000	  0.250000	  0.250000	  0.250000	
  0.250000	  0.250000	  0.250000	  0.250000	
  0.250000	  0.250000	  0.250000	  0.250000	
  0.041667	  0.083333	  0.052083	  0.822917	
  1.000000	  0.000000	  0.000000	  0.000000	
  0.906250	  0.000000	  0.000000	  0.093750	
  0.000000	  1.000000	  0.000000	  0.000000	
  0.041667	  0.083333	  0.833333	  0.041667	
  0.000000	  0.000000	  1.000000	  0.000000	
  0.822917	  0.083333	  0.041667	  0.052083	

MOTIF CEBPB_12.3DFOOTPRINT CEBPB

letter-probability matrix: alength= 4 w= 18 nsites= 20 E= 0
  0.812500	  0.031250	  0.000000	  0.156250	
  0.531250	  0.187500	  0.156250	  0.125000	
  0.000000	  1.000000	  0.000000	  0.000000	
  0.000000	  1.000000	  0.000000	  0.000000	
  1.000000	  0.000000	  0.000000	  0.000000	
  0.000000	  1.000000	  0.000000	  0.000000	
  0.937500	  0.000000	  0.031250	  0.031250	
  0.250000	  0.250000	  0.250000	  0.250000	
  0.250000	  0.250000	  0.250000	  0.250000	
  0.250000	  0.250000	  0.250000	  0.250000	
  0.000000	  0.031250	  0.031250	  0.937500	
  0.000000	  0.000000	  0.000000	  1.000000	
  0.000000	  0.031250	  0.031250	  0.937500	
  0.000000	  0.000000	  1.000000	  0.000000	
  0.000000	  0.000000	  1.000000	  0.000000	
  0.906250	  0.062500	  0.000000	  0.031250	
  0.843750	  0.000000	  0.156250	  0.000000	
  1.000000	  0.000000	  0.000000	  0.000000	

MOTIF CEBPB_13.3DFOOTPRINT CEBPB

letter-probability matrix: alength= 4 w= 17 nsites= 20 E= 0
  0.791667	  0.062500	  0.083333	  0.062500	
  0.000000	  1.000000	  0.000000	  0.000000	
  0.000000	  1.000000	  0.000000	  0.000000	
  0.927083	  0.020833	  0.031250	  0.020833	
  0.000000	  1.000000	  0.000000	  0.000000	
  0.927083	  0.031250	  0.020833	  0.020833	
  0.250000	  0.250000	  0.250000	  0.250000	
  0.250000	  0.250000	  0.250000	  0.250000	
  0.250000	  0.250000	  0.250000	  0.250000	
  0.000000	  0.000000	  0.000000	  1.000000	
  0.010417	  0.197917	  0.020833	  0.770833	
  0.031250	  0.020833	  0.020833	  0.927083	
  0.020833	  0.031250	  0.927083	  0.020833	
  0.000000	  0.000000	  1.000000	  0.000000	
  0.750000	  0.083333	  0.062500	  0.104167	
  0.750000	  0.197917	  0.020833	  0.031250	
  1.000000	  0.000000	  0.000000	  0.000000	

MOTIF CEBPB_14.3DFOOTPRINT CEBPB

letter-probability matrix: alength= 4 w= 3 nsites= 20 E= 0
  0.104167	  0.104167	  0.135417	  0.656250	
  0.010417	  0.020833	  0.010417	  0.958333	
  0.072917	  0.072917	  0.072917	  0.781250	

MOTIF CEBPB_15.3DFOOTPRINT CEBPB

letter-probability matrix: alength= 4 w= 16 nsites= 20 E= 0
  0.000000	  1.000000	  0.000000	  0.000000	
  0.000000	  1.000000	  0.000000	  0.000000	
  1.000000	  0.000000	  0.000000	  0.000000	
  0.000000	  1.000000	  0.000000	  0.000000	
  0.843750	  0.052083	  0.000000	  0.104167	
  0.250000	  0.250000	  0.250000	  0.250000	
  0.250000	  0.250000	  0.250000	  0.250000	
  0.250000	  0.250000	  0.250000	  0.250000	
  0.052083	  0.062500	  0.052083	  0.833333	
  0.000000	  0.000000	  0.000000	  1.000000	
  0.052083	  0.000000	  0.052083	  0.895833	
  0.052083	  0.062500	  0.781250	  0.104167	
  0.000000	  0.000000	  1.000000	  0.000000	
  1.000000	  0.000000	  0.000000	  0.000000	
  0.739583	  0.052083	  0.208333	  0.000000	
  1.000000	  0.000000	  0.000000	  0.000000	

MOTIF CEBPB_16.3DFOOTPRINT CEBPB

letter-probability matrix: alength= 4 w= 5 nsites= 20 E= 0
  0.000000	  0.000000	  0.000000	  1.000000	
  0.000000	  0.000000	  0.000000	  1.000000	
  0.250000	  0.250000	  0.250000	  0.250000	
  0.208333	  0.197917	  0.395833	  0.197917	
  0.791667	  0.000000	  0.208333	  0.000000	

MOTIF CEBPB_17.3DFOOTPRINT CEBPB

letter-probability matrix: alength= 4 w= 5 nsites= 20 E= 0
  0.000000	  0.000000	  0.000000	  1.000000	
  0.000000	  0.000000	  0.000000	  1.000000	
  0.000000	  0.000000	  1.000000	  0.000000	
  0.000000	  1.000000	  0.000000	  0.000000	
  0.135417	  0.166667	  0.562500	  0.135417	

MOTIF CEBPB_18.3DFOOTPRINT CEBPB

letter-probability matrix: alength= 4 w= 8 nsites= 20 E= 0
  0.083333	  0.083333	  0.104167	  0.729167	
  0.020833	  0.104167	  0.000000	  0.875000	
  0.156250	  0.093750	  0.583333	  0.166667	
  0.041667	  0.885417	  0.041667	  0.031250	
  0.020833	  0.010417	  0.822917	  0.145833	
  0.083333	  0.802083	  0.041667	  0.072917	
  0.750000	  0.000000	  0.197917	  0.052083	
  0.760417	  0.072917	  0.093750	  0.072917	

MOTIF CEBPB_19.3DFOOTPRINT CEBPB

letter-probability matrix: alength= 4 w= 7 nsites= 20 E= 0
  0.000000	  0.000000	  0.000000	  1.000000	
  0.156250	  0.135417	  0.708333	  0.000000	
  0.000000	  1.000000	  0.000000	  0.000000	
  0.145833	  0.000000	  0.854167	  0.000000	
  0.135417	  0.562500	  0.135417	  0.166667	
  1.000000	  0.000000	  0.000000	  0.000000	
  1.000000	  0.000000	  0.000000	  0.000000	

MOTIF CEBPB_20.3DFOOTPRINT CEBPB

letter-probability matrix: alength= 4 w= 3 nsites= 20 E= 0
  0.000000	  0.791667	  0.010417	  0.197917	
  1.000000	  0.000000	  0.000000	  0.000000	
  1.000000	  0.000000	  0.000000	  0.000000	

MOTIF CEBPB_1.GUERTIN CEBPB

letter-probability matrix: alength= 4 w= 15 nsites= 20 E= 0
  0.587612	  0.154849	  0.241239	  0.016300	
  0.000000	  0.000000	  0.000000	  1.000000	
  0.000000	  0.000000	  0.000000	  1.000000	
  0.097800	  0.000000	  0.758761	  0.143439	
  0.000000	  1.000000	  0.000000	  0.000000	
  0.515892	  0.091280	  0.288509	  0.104319	
  0.145069	  0.451508	  0.000000	  0.403423	
  0.564792	  0.435208	  0.000000	  0.000000	
  1.000000	  0.000000	  0.000000	  0.000000	
  0.014670	  0.390383	  0.145069	  0.449878	
  0.261614	  0.290954	  0.116544	  0.330888	
  0.223309	  0.246944	  0.264874	  0.264874	
  0.184189	  0.370823	  0.142624	  0.302363	
  0.321923	  0.232274	  0.202934	  0.242869	
  0.224124	  0.339038	  0.191524	  0.245314	

MOTIF CEBPB_2.GUERTIN CEBPB

letter-probability matrix: alength= 4 w= 19 nsites= 20 E= 0
  0.000000	  0.759036	  0.024096	  0.216867	
  0.036145	  0.108434	  0.048193	  0.807229	
  0.000000	  0.698795	  0.108434	  0.192771	
  0.012048	  0.012048	  0.000000	  0.975904	
  0.036145	  0.036145	  0.915663	  0.012048	
  0.000000	  0.024096	  0.000000	  0.975904	
  0.000000	  0.722892	  0.024096	  0.253012	
  0.493976	  0.024096	  0.445783	  0.036145	
  0.012048	  0.855422	  0.000000	  0.132530	
  0.012048	  0.867470	  0.012048	  0.108434	
  0.024096	  0.915663	  0.000000	  0.060241	
  0.915663	  0.036145	  0.012048	  0.036145	
  0.072289	  0.000000	  0.915663	  0.012048	
  0.072289	  0.012048	  0.903614	  0.012048	
  0.012048	  0.915663	  0.036145	  0.036145	
  0.000000	  0.060241	  0.000000	  0.939759	
  0.120482	  0.000000	  0.879518	  0.000000	
  0.048193	  0.060241	  0.867470	  0.024096	
  0.975904	  0.000000	  0.012048	  0.012048	

MOTIF CEBPB_3.GUERTIN CEBPB

letter-probability matrix: alength= 4 w= 19 nsites= 20 E= 0
  0.943662	  0.028169	  0.028169	  0.000000	
  0.056338	  0.000000	  0.943662	  0.000000	
  0.042254	  0.014085	  0.859155	  0.084507	
  0.014085	  0.549296	  0.014085	  0.422535	
  0.239437	  0.197183	  0.464789	  0.098592	
  0.084507	  0.014085	  0.901408	  0.000000	
  0.971831	  0.014085	  0.014085	  0.000000	
  0.084507	  0.014085	  0.873239	  0.028169	
  0.014085	  0.154930	  0.802817	  0.028169	
  0.014085	  0.281690	  0.000000	  0.704225	
  0.014085	  0.042254	  0.028169	  0.915493	
  0.056338	  0.000000	  0.915493	  0.028169	
  0.014085	  0.971831	  0.000000	  0.014085	
  0.915493	  0.014085	  0.042254	  0.028169	
  0.084507	  0.028169	  0.873239	  0.014085	
  0.028169	  0.070423	  0.014085	  0.887324	
  0.056338	  0.014085	  0.929577	  0.000000	
  0.943662	  0.014085	  0.028169	  0.014085	
  0.056338	  0.042254	  0.901408	  0.000000	

MOTIF CEBPB_4.GUERTIN CEBPB

letter-probability matrix: alength= 4 w= 19 nsites= 20 E= 0
  0.906250	  0.031250	  0.062500	  0.000000	
  0.156250	  0.062500	  0.750000	  0.031250	
  0.875000	  0.031250	  0.031250	  0.062500	
  0.093750	  0.687500	  0.000000	  0.218750	
  0.000000	  0.218750	  0.031250	  0.750000	
  0.062500	  0.812500	  0.000000	  0.125000	
  0.062500	  0.593750	  0.000000	  0.343750	
  0.406250	  0.031250	  0.500000	  0.062500	
  0.000000	  0.031250	  0.000000	  0.968750	
  0.000000	  0.906250	  0.000000	  0.093750	
  0.000000	  0.000000	  0.000000	  1.000000	
  0.062500	  0.937500	  0.000000	  0.000000	
  0.718750	  0.125000	  0.062500	  0.093750	
  0.875000	  0.000000	  0.093750	  0.031250	
  0.875000	  0.093750	  0.031250	  0.000000	
  0.906250	  0.031250	  0.031250	  0.031250	
  0.906250	  0.000000	  0.031250	  0.062500	
  0.968750	  0.031250	  0.000000	  0.000000	
  0.875000	  0.031250	  0.093750	  0.000000	

MOTIF CEBPB.1_1.ZLAB CEBPB

letter-probability matrix: alength= 4 w= 13 nsites= 20 E= 0
  0.485944	  0.152610	  0.357430	  0.004016	
  0.000000	  0.000000	  0.000000	  1.000000	
  0.000000	  0.004016	  0.000000	  0.995984	
  0.010040	  0.000000	  0.939759	  0.050201	
  0.000000	  1.000000	  0.000000	  0.000000	
  0.479920	  0.038153	  0.403614	  0.078313	
  0.132530	  0.461847	  0.000000	  0.405622	
  0.652610	  0.347390	  0.000000	  0.000000	
  1.000000	  0.000000	  0.000000	  0.000000	
  0.024096	  0.389558	  0.144578	  0.441767	
  0.291165	  0.401606	  0.086345	  0.220884	
  0.184739	  0.365462	  0.206827	  0.242972	
  0.206827	  0.337349	  0.172691	  0.283133	

MOTIF CEBPB.1_2.ZLAB CEBPB

letter-probability matrix: alength= 4 w= 28 nsites= 20 E= 0
  0.900000	  0.000000	  0.000000	  0.100000	
  0.100000	  0.700000	  0.000000	  0.200000	
  0.000000	  0.800000	  0.000000	  0.200000	
  0.800000	  0.100000	  0.000000	  0.100000	
  0.000000	  1.000000	  0.000000	  0.000000	
  0.100000	  0.300000	  0.000000	  0.600000	
  0.800000	  0.100000	  0.100000	  0.000000	
  0.000000	  0.100000	  0.000000	  0.900000	
  0.000000	  0.800000	  0.100000	  0.100000	
  0.000000	  0.400000	  0.000000	  0.600000	
  0.700000	  0.100000	  0.200000	  0.000000	
  0.400000	  0.000000	  0.200000	  0.400000	
  0.000000	  0.300000	  0.000000	  0.700000	
  0.000000	  0.100000	  0.000000	  0.900000	
  0.000000	  0.700000	  0.100000	  0.200000	
  0.100000	  0.700000	  0.000000	  0.200000	
  1.000000	  0.000000	  0.000000	  0.000000	
  0.100000	  0.000000	  0.900000	  0.000000	
  0.900000	  0.000000	  0.100000	  0.000000	
  0.800000	  0.000000	  0.100000	  0.100000	
  0.000000	  0.800000	  0.000000	  0.200000	
  0.600000	  0.000000	  0.000000	  0.400000	
  0.000000	  0.300000	  0.100000	  0.600000	
  0.000000	  0.000000	  0.200000	  0.800000	
  0.000000	  0.000000	  0.000000	  1.000000	
  0.000000	  0.000000	  0.100000	  0.900000	
  0.000000	  0.700000	  0.000000	  0.300000	
  0.900000	  0.100000	  0.000000	  0.000000	

MOTIF CEBPB.1_3.ZLAB CEBPB

letter-probability matrix: alength= 4 w= 20 nsites= 20 E= 0
  0.000000	  0.090909	  0.181818	  0.727273	
  0.000000	  0.636364	  0.181818	  0.181818	
  0.000000	  0.090909	  0.000000	  0.909091	
  0.000000	  0.090909	  0.909091	  0.000000	
  0.000000	  0.090909	  0.000000	  0.909091	
  0.000000	  0.909091	  0.000000	  0.090909	
  0.545455	  0.000000	  0.363636	  0.090909	
  0.000000	  0.818182	  0.000000	  0.181818	
  0.272727	  0.727273	  0.000000	  0.000000	
  0.090909	  0.909091	  0.000000	  0.000000	
  1.000000	  0.000000	  0.000000	  0.000000	
  0.181818	  0.000000	  0.818182	  0.000000	
  0.090909	  0.000000	  0.909091	  0.000000	
  0.000000	  0.909091	  0.090909	  0.000000	
  0.000000	  0.000000	  0.000000	  1.000000	
  0.090909	  0.000000	  0.909091	  0.000000	
  0.000000	  0.181818	  0.818182	  0.000000	
  1.000000	  0.000000	  0.000000	  0.000000	
  0.363636	  0.090909	  0.545455	  0.000000	
  0.000000	  0.000000	  0.000000	  1.000000	

MOTIF CEBPB.1_4.ZLAB CEBPB

letter-probability matrix: alength= 4 w= 20 nsites= 20 E= 0
  0.021277	  0.234043	  0.000000	  0.744681	
  0.148936	  0.553191	  0.170213	  0.127660	
  0.404255	  0.191489	  0.319149	  0.085106	
  0.000000	  0.914894	  0.063830	  0.021277	
  0.106383	  0.425532	  0.000000	  0.468085	
  0.000000	  0.382979	  0.446809	  0.170213	
  0.000000	  0.872340	  0.000000	  0.127660	
  0.404255	  0.255319	  0.170213	  0.170213	
  0.276596	  0.425532	  0.297872	  0.000000	
  0.000000	  0.872340	  0.106383	  0.021277	
  0.063830	  0.829787	  0.000000	  0.106383	
  0.191489	  0.297872	  0.000000	  0.510638	
  0.000000	  0.914894	  0.000000	  0.085106	
  0.234043	  0.425532	  0.255319	  0.085106	
  0.276596	  0.255319	  0.340426	  0.127660	
  0.106383	  0.893617	  0.000000	  0.000000	
  0.063830	  0.872340	  0.000000	  0.063830	
  0.255319	  0.212766	  0.042553	  0.489362	
  0.000000	  0.531915	  0.361702	  0.106383	
  0.234043	  0.680851	  0.085106	  0.000000	

MOTIF CEBPB.1_5.ZLAB CEBPB

letter-probability matrix: alength= 4 w= 7 nsites= 20 E= 0
  0.000000	  0.000000	  0.000000	  1.000000	
  0.000000	  0.000000	  1.000000	  0.000000	
  1.000000	  0.000000	  0.000000	  0.000000	
  0.000000	  1.000000	  0.000000	  0.000000	
  0.000000	  0.000000	  0.000000	  1.000000	
  0.000000	  1.000000	  0.000000	  0.000000	
  1.000000	  0.000000	  0.000000	  0.000000	

MOTIF Cebpb.TF2DNA Cebpb

letter-probability matrix: alength= 4 w= 6 nsites= 20 E= 0
  0.000000	  0.000000	  0.919000	  0.081000	
  0.000000	  0.000000	  0.000000	  1.000000	
  1.000000	  0.000000	  0.000000	  0.000000	
  1.000000	  0.000000	  0.000000	  0.000000	
  0.000000	  0.000000	  0.000000	  1.000000	
  0.198000	  0.221000	  0.193000	  0.388000	

MOTIF CEBPB.SWISSREGULON CEBPA,B_DDIT3.p2

letter-probability matrix: alength= 4 w= 11 nsites= 20 E= 0
  0.119585	  0.064343	  0.418474	  0.397598	
  0.556068	  0.020193	  0.385838	  0.037901	
  0.000000	  0.116493	  0.019328	  0.864179	
  0.042116	  0.019300	  0.938584	  0.000000	
  0.099966	  0.872010	  0.000000	  0.028025	
  1.000000	  0.000000	  0.000000	  0.000000	
  0.981280	  0.000000	  0.018720	  0.000000	
  0.000000	  0.285070	  0.000000	  0.714930	
  0.274300	  0.455687	  0.199793	  0.070220	
  0.068146	  0.623262	  0.019082	  0.289510	
  0.000000	  0.618750	  0.140751	  0.240499	

MOTIF M2268_1.02.CIS-BP CEBPB

letter-probability matrix: alength= 4 w= 10 nsites= 20 E= 0
  0.755804	  0.058978	  0.185217	  0.000000	
  0.000000	  0.000000	  0.000000	  1.000000	
  0.000000	  0.000000	  0.000000	  1.000000	
  0.045792	  0.000000	  0.759151	  0.195057	
  0.000000	  1.000000	  0.000000	  0.000000	
  0.750950	  0.055059	  0.100659	  0.093332	
  0.086980	  0.522182	  0.000000	  0.390838	
  0.604569	  0.395431	  0.000000	  0.000000	
  1.000000	  0.000000	  0.000000	  0.000000	
  0.000000	  0.362213	  0.020534	  0.617253	

