MEME version 4.4

ALPHABET= ACGT

strands: + -

Background letter frequencies (from uniform background):
A 0.25000 C 0.25000 G 0.25000 T 0.25000 

MOTIF MA0139.1.JASPAR CTCF

letter-probability matrix: alength= 4 w= 18 nsites= 20 E= 0
  0.182913	  0.158817	  0.453450	  0.204819	
  0.307777	  0.053669	  0.491785	  0.146769	
  0.061336	  0.876232	  0.023001	  0.039430	
  0.008762	  0.989047	  0.000000	  0.002191	
  0.814896	  0.014239	  0.071194	  0.099671	
  0.043812	  0.578313	  0.365827	  0.012048	
  0.117325	  0.474781	  0.052632	  0.355263	
  0.933114	  0.012061	  0.035088	  0.019737	
  0.005488	  0.000000	  0.991218	  0.003293	
  0.365532	  0.003293	  0.621295	  0.009879	
  0.059276	  0.013172	  0.553238	  0.374314	
  0.013187	  0.000000	  0.978022	  0.008791	
  0.061538	  0.008791	  0.851648	  0.078022	
  0.114411	  0.806381	  0.005501	  0.073707	
  0.409241	  0.014301	  0.557756	  0.018702	
  0.090308	  0.530837	  0.338106	  0.040749	
  0.128855	  0.354626	  0.080396	  0.436123	
  0.442731	  0.199339	  0.292952	  0.064978	

MOTIF CTCF.CHEN2008 CTCF

letter-probability matrix: alength= 4 w= 18 nsites= 20 E= 0
  0.207721	  0.150735	  0.472426	  0.169118	
  0.321691	  0.040441	  0.494485	  0.143382	
  0.058824	  0.884191	  0.025735	  0.031250	
  0.000000	  1.000000	  0.000000	  0.000000	
  0.803309	  0.005515	  0.071691	  0.119485	
  0.031250	  0.558824	  0.397059	  0.012868	
  0.113971	  0.511029	  0.040441	  0.334559	
  0.955882	  0.000000	  0.027574	  0.016544	
  0.000000	  0.000000	  1.000000	  0.000000	
  0.404412	  0.005515	  0.584559	  0.005515	
  0.060662	  0.011029	  0.551471	  0.376838	
  0.009191	  0.000000	  0.985294	  0.005515	
  0.077206	  0.003676	  0.852941	  0.066176	
  0.106618	  0.810662	  0.001838	  0.080882	
  0.422794	  0.007353	  0.547794	  0.022059	
  0.086397	  0.547794	  0.321691	  0.044118	
  0.132353	  0.376838	  0.075368	  0.415441	
  0.455882	  0.180147	  0.308824	  0.055147	

MOTIF CTCF_f2.HOCOMOCO CTCF

letter-probability matrix: alength= 4 w= 18 nsites= 20 E= 0
  0.162531	  0.162181	  0.443202	  0.232087	
  0.240475	  0.080741	  0.534429	  0.144355	
  0.059769	  0.850751	  0.040196	  0.049283	
  0.008389	  0.960503	  0.012233	  0.018875	
  0.672143	  0.032506	  0.188046	  0.107305	
  0.040545	  0.586159	  0.358266	  0.015030	
  0.124082	  0.455435	  0.134568	  0.285914	
  0.834324	  0.061866	  0.049983	  0.053827	
  0.002796	  0.003845	  0.979378	  0.013981	
  0.337994	  0.005592	  0.652220	  0.004194	
  0.055225	  0.037749	  0.567983	  0.339042	
  0.013632	  0.000350	  0.974135	  0.011884	
  0.041244	  0.022020	  0.877665	  0.059070	
  0.103460	  0.823838	  0.014331	  0.058371	
  0.450891	  0.014680	  0.515554	  0.018875	
  0.062216	  0.505418	  0.394967	  0.037400	
  0.139462	  0.350227	  0.109053	  0.401258	
  0.395666	  0.242223	  0.310731	  0.051381	

MOTIF CTCF.HOMER CD4+-CTCF-ChIP-Seq

letter-probability matrix: alength= 4 w= 19 nsites= 20 E= 0
  0.037000	  0.340000	  0.236000	  0.386000	
  0.499000	  0.061000	  0.330000	  0.110000	
  0.033000	  0.377000	  0.528000	  0.061000	
  0.023000	  0.378000	  0.005000	  0.593000	
  0.061000	  0.005000	  0.887000	  0.047000	
  0.079000	  0.905000	  0.005000	  0.010000	
  0.002000	  0.994000	  0.001000	  0.003000	
  0.501000	  0.475000	  0.007000	  0.016000	
  0.002000	  0.527000	  0.004000	  0.467000	
  0.003000	  0.995000	  0.001000	  0.001000	
  0.030000	  0.036000	  0.004000	  0.930000	
  0.382000	  0.042000	  0.446000	  0.130000	
  0.020000	  0.273000	  0.686000	  0.021000	
  0.047000	  0.039000	  0.014000	  0.900000	
  0.002000	  0.001000	  0.995000	  0.002000	
  0.040000	  0.034000	  0.873000	  0.053000	
  0.161000	  0.527000	  0.061000	  0.250000	
  0.277000	  0.428000	  0.117000	  0.178000	
  0.541000	  0.092000	  0.267000	  0.100000	

MOTIF CTCF-SatelliteElement.HOMER CD4+-CTCF-ChIP-Seq

letter-probability matrix: alength= 4 w= 19 nsites= 20 E= 0
  0.003000	  0.005000	  0.991000	  0.001000	
  0.015000	  0.930000	  0.001000	  0.054000	
  0.935000	  0.008000	  0.001000	  0.056000	
  0.203000	  0.064000	  0.707000	  0.026000	
  0.023000	  0.023000	  0.018000	  0.936000	
  0.244000	  0.041000	  0.165000	  0.550000	
  0.049000	  0.905000	  0.013000	  0.033000	
  0.090000	  0.738000	  0.005000	  0.167000	
  0.373000	  0.329000	  0.136000	  0.162000	
  0.380000	  0.254000	  0.260000	  0.105000	
  0.303000	  0.314000	  0.208000	  0.175000	
  0.398000	  0.149000	  0.152000	  0.301000	
  0.293000	  0.157000	  0.378000	  0.172000	
  0.051000	  0.319000	  0.044000	  0.586000	
  0.275000	  0.057000	  0.517000	  0.152000	
  0.244000	  0.041000	  0.638000	  0.077000	
  0.041000	  0.951000	  0.003000	  0.005000	
  0.001000	  0.995000	  0.001000	  0.003000	
  0.928000	  0.003000	  0.015000	  0.054000	

MOTIF CTCF_disc1.POUR CTCF_HUVEC_encode-Crawford_seq_hsa_r1:MEME#3#Intergenic

letter-probability matrix: alength= 4 w= 21 nsites= 20 E= 0
  0.262097	  0.185484	  0.326613	  0.225806	
  0.217742	  0.387097	  0.129032	  0.266129	
  0.370968	  0.112903	  0.149194	  0.366935	
  0.528226	  0.209677	  0.149194	  0.112903	
  0.052419	  0.237903	  0.233871	  0.475806	
  0.604838	  0.044355	  0.213710	  0.137097	
  0.092742	  0.322581	  0.455645	  0.129032	
  0.024194	  0.399194	  0.016129	  0.560483	
  0.173387	  0.012097	  0.677419	  0.137097	
  0.157258	  0.725807	  0.016129	  0.100806	
  0.004032	  0.991936	  0.000000	  0.004032	
  0.612904	  0.350806	  0.000000	  0.036290	
  0.000000	  0.366935	  0.000000	  0.633065	
  0.000000	  0.983871	  0.000000	  0.016129	
  0.012097	  0.020161	  0.016129	  0.951613	
  0.641129	  0.032258	  0.161290	  0.165323	
  0.040323	  0.225806	  0.689516	  0.044355	
  0.064516	  0.040323	  0.004032	  0.891129	
  0.000000	  0.000000	  0.991935	  0.008065	
  0.088710	  0.016129	  0.766129	  0.129032	
  0.173387	  0.383065	  0.044355	  0.399194	

MOTIF CTCF_disc2.POUR CTCF_A549_encode-Myers_seq_hsa_DEX-100nM_r1:Trawler#1#Intergenic

letter-probability matrix: alength= 4 w= 10 nsites= 20 E= 0
  0.000000	  1.000000	  0.000000	  0.000000	
  0.000000	  1.000000	  0.000000	  0.000000	
  1.000000	  0.000000	  0.000000	  0.000000	
  0.000000	  0.000000	  1.000000	  0.000000	
  0.156250	  0.000000	  0.843750	  0.000000	
  0.000000	  0.000000	  0.593750	  0.406250	
  0.000000	  0.000000	  1.000000	  0.000000	
  0.000000	  0.000000	  1.000000	  0.000000	
  0.000000	  1.000000	  0.000000	  0.000000	
  0.312500	  0.000000	  0.687500	  0.000000	

MOTIF CTCF_disc3.POUR CTCF_K562_encode-Crawford_seq_hsa_r1:Trawler#3#Intergenic

letter-probability matrix: alength= 4 w= 8 nsites= 20 E= 0
  0.000000	  1.000000	  0.000000	  0.000000	
  0.000000	  0.000000	  0.000000	  1.000000	
  1.000000	  0.000000	  0.000000	  0.000000	
  0.000000	  0.000000	  1.000000	  0.000000	
  1.000000	  0.000000	  0.000000	  0.000000	
  0.000000	  0.000000	  0.666667	  0.333333	
  0.000000	  0.037037	  0.925926	  0.037037	
  0.259259	  0.074074	  0.629630	  0.037037	

MOTIF CTCF_disc4.POUR CTCF_HUVEC_encode-Crawford_seq_hsa_r1:AlignACE#3#Intergenic

letter-probability matrix: alength= 4 w= 13 nsites= 20 E= 0
  0.799999	  0.145455	  0.036364	  0.018182	
  0.036364	  0.400000	  0.309091	  0.254545	
  0.236364	  0.309091	  0.109091	  0.345455	
  0.490909	  0.018182	  0.127273	  0.363636	
  0.290909	  0.036364	  0.563636	  0.109091	
  0.527272	  0.000000	  0.436364	  0.036364	
  0.000000	  0.000000	  0.109091	  0.890909	
  0.000000	  0.000000	  0.963636	  0.036364	
  0.145455	  0.000000	  0.836363	  0.018182	
  0.000000	  1.000000	  0.000000	  0.000000	
  0.727272	  0.127273	  0.000000	  0.145455	
  0.218182	  0.000000	  0.763636	  0.018182	
  0.000000	  0.818182	  0.109091	  0.072727	

MOTIF CTCF_disc5.POUR CTCF_A549_encode-Myers_seq_hsa_EtOH-0.02pct_r1:AlignACE#1#Intergenic

letter-probability matrix: alength= 4 w= 13 nsites= 20 E= 0
  0.000000	  0.759628	  0.240372	  0.000000	
  0.401062	  0.163347	  0.229748	  0.205843	
  0.000000	  0.484728	  0.515272	  0.000000	
  0.136786	  0.495352	  0.228420	  0.139442	
  0.447543	  0.148738	  0.181939	  0.221780	
  0.000000	  0.000000	  1.000000	  0.000000	
  0.241700	  0.231076	  0.527224	  0.000000	
  0.225764	  0.156707	  0.379814	  0.237716	
  0.000000	  0.196547	  0.803453	  0.000000	
  0.000000	  0.351926	  0.648074	  0.000000	
  0.050465	  0.735723	  0.160691	  0.053121	
  0.288181	  0.156707	  0.366534	  0.188579	
  0.000000	  0.487384	  0.512616	  0.000000	

MOTIF CTCF_disc6.POUR CTCF_AoAF_encode-Stam_seq_hsa_r1:Trawler#2#Intergenic

letter-probability matrix: alength= 4 w= 7 nsites= 20 E= 0
  0.000000	  1.000000	  0.000000	  0.000000	
  0.000000	  1.000000	  0.000000	  0.000000	
  0.000000	  0.000000	  0.000000	  1.000000	
  0.772727	  0.227273	  0.000000	  0.000000	
  0.000000	  0.000000	  1.000000	  0.000000	
  0.045455	  0.181818	  0.227273	  0.545455	
  0.000000	  0.000000	  1.000000	  0.000000	

MOTIF CTCF_disc7.POUR CTCF_GM12875_encode-Stam_seq_hsa_r1:Weeder#3#Intergenic

letter-probability matrix: alength= 4 w= 9 nsites= 20 E= 0
  0.047584	  0.860908	  0.046852	  0.044656	
  0.508785	  0.163982	  0.168375	  0.158858	
  0.044656	  0.729868	  0.190337	  0.035139	
  0.060761	  0.775988	  0.064422	  0.098829	
  0.647877	  0.107613	  0.072474	  0.172035	
  0.065154	  0.054905	  0.842606	  0.037335	
  0.112738	  0.090776	  0.734261	  0.062225	
  0.092240	  0.096633	  0.669107	  0.142020	
  0.066618	  0.097365	  0.795754	  0.040264	

MOTIF CTCF_disc8.POUR CTCF_HMEC_encode-Bernstein_seq_hsa_r1:AlignACE#3#Intergenic

letter-probability matrix: alength= 4 w= 13 nsites= 20 E= 0
  0.234483	  0.374713	  0.170115	  0.220690	
  0.427586	  0.165517	  0.406897	  0.000000	
  0.000000	  0.590805	  0.409195	  0.000000	
  0.294253	  0.262069	  0.156322	  0.287356	
  0.482759	  0.000000	  0.517241	  0.000000	
  0.000000	  0.218391	  0.781609	  0.000000	
  0.328736	  0.344828	  0.326437	  0.000000	
  0.285057	  0.183908	  0.271264	  0.259770	
  0.248276	  0.087356	  0.664368	  0.000000	
  0.200000	  0.271264	  0.528736	  0.000000	
  0.278161	  0.220690	  0.220690	  0.280460	
  0.000000	  0.000000	  1.000000	  0.000000	
  0.078161	  0.547126	  0.374713	  0.000000	

MOTIF CTCF_disc9.POUR CTCF_HMF_encode-Stam_seq_hsa_r1:AlignACE#2#Intergenic

letter-probability matrix: alength= 4 w= 15 nsites= 20 E= 0
  0.210366	  0.317073	  0.259146	  0.213415	
  0.198171	  0.402439	  0.176829	  0.222561	
  0.000000	  0.798780	  0.201220	  0.000000	
  0.365854	  0.207317	  0.137195	  0.289634	
  0.000000	  0.618902	  0.381098	  0.000000	
  0.240854	  0.274390	  0.143293	  0.341463	
  0.493902	  0.051829	  0.454268	  0.000000	
  0.000000	  0.387195	  0.612805	  0.000000	
  0.381098	  0.085366	  0.201220	  0.332317	
  0.000000	  0.000000	  1.000000	  0.000000	
  0.076220	  0.179878	  0.743902	  0.000000	
  0.000000	  0.445122	  0.554878	  0.000000	
  0.286585	  0.536586	  0.057927	  0.118902	
  0.344512	  0.137195	  0.286585	  0.231707	
  0.000000	  0.551829	  0.448171	  0.000000	

MOTIF CTCF_disc10.POUR CTCF_HepG2_encode-Myers_seq_hsa_v041610.1_r1:Trawler#1#Intergenic

letter-probability matrix: alength= 4 w= 8 nsites= 20 E= 0
  0.000000	  1.000000	  0.000000	  0.000000	
  0.000000	  1.000000	  0.000000	  0.000000	
  0.000000	  0.000000	  0.000000	  1.000000	
  0.000000	  0.000000	  1.000000	  0.000000	
  0.000000	  1.000000	  0.000000	  0.000000	
  0.500000	  0.000000	  0.000000	  0.500000	
  0.000000	  0.052632	  0.947368	  0.000000	
  0.078947	  0.105263	  0.631579	  0.184211	

MOTIF CTCF_full.JOLMA CTCF

letter-probability matrix: alength= 4 w= 16 nsites= 20 E= 0
  0.173692	  0.024785	  0.759303	  0.042221	
  0.000000	  0.940984	  0.000000	  0.059016	
  0.005067	  0.000000	  0.988124	  0.006809	
  0.062318	  0.932432	  0.000778	  0.004472	
  0.004531	  0.995469	  0.000000	  0.000000	
  0.507584	  0.453365	  0.018044	  0.021008	
  0.007862	  0.640792	  0.000000	  0.351346	
  0.000000	  0.999887	  0.000113	  0.000000	
  0.002595	  0.003436	  0.001613	  0.992356	
  0.763660	  0.020960	  0.117447	  0.097933	
  0.007318	  0.131403	  0.799154	  0.062124	
  0.013768	  0.387978	  0.000000	  0.598255	
  0.000233	  0.000000	  0.985689	  0.014078	
  0.039788	  0.011172	  0.731380	  0.217660	
  0.151957	  0.281977	  0.008169	  0.557898	
  0.364415	  0.310527	  0.212438	  0.112620	

MOTIF CTCF_1.GUERTIN CTCF

letter-probability matrix: alength= 4 w= 15 nsites= 20 E= 0
  0.394304	  0.107338	  0.352683	  0.145674	
  0.096386	  0.312158	  0.503834	  0.087623	
  0.067908	  0.483023	  0.055860	  0.393209	
  0.106243	  0.039430	  0.694414	  0.159912	
  0.073384	  0.821468	  0.060241	  0.044907	
  0.009858	  0.970427	  0.002191	  0.017525	
  0.328587	  0.565170	  0.031763	  0.074480	
  0.015334	  0.587076	  0.000000	  0.397590	
  0.002191	  0.997809	  0.000000	  0.000000	
  0.056955	  0.064622	  0.012048	  0.866375	
  0.351588	  0.079956	  0.416210	  0.152245	
  0.009858	  0.361446	  0.562979	  0.065717	
  0.186199	  0.067908	  0.053669	  0.692223	
  0.000000	  0.000000	  1.000000	  0.000000	
  0.067908	  0.062432	  0.773275	  0.096386	

MOTIF CTCF_2.GUERTIN CTCF

letter-probability matrix: alength= 4 w= 11 nsites= 20 E= 0
  0.428571	  0.224490	  0.316327	  0.030612	
  1.000000	  0.000000	  0.000000	  0.000000	
  0.673469	  0.000000	  0.255102	  0.071429	
  0.734694	  0.000000	  0.244898	  0.020408	
  0.642857	  0.122449	  0.153061	  0.081633	
  0.979592	  0.000000	  0.020408	  0.000000	
  0.428571	  0.122449	  0.448980	  0.000000	
  0.622449	  0.193878	  0.183673	  0.000000	
  0.826531	  0.010204	  0.163265	  0.000000	
  1.000000	  0.000000	  0.000000	  0.000000	
  0.836735	  0.153061	  0.000000	  0.010204	

MOTIF CTCF_3.GUERTIN CTCF

letter-probability matrix: alength= 4 w= 15 nsites= 20 E= 0
  0.000000	  0.000000	  0.000000	  1.000000	
  0.000000	  0.000000	  1.000000	  0.000000	
  0.000000	  0.000000	  1.000000	  0.000000	
  1.000000	  0.000000	  0.000000	  0.000000	
  0.833333	  0.166667	  0.000000	  0.000000	
  0.000000	  0.000000	  0.000000	  1.000000	
  0.000000	  0.583333	  0.333333	  0.083333	
  0.250000	  0.000000	  0.750000	  0.000000	
  1.000000	  0.000000	  0.000000	  0.000000	
  1.000000	  0.000000	  0.000000	  0.000000	
  0.000000	  0.000000	  0.000000	  1.000000	
  0.000000	  0.000000	  0.916667	  0.083333	
  0.083333	  0.000000	  0.916667	  0.000000	
  1.000000	  0.000000	  0.000000	  0.000000	
  1.000000	  0.000000	  0.000000	  0.000000	

MOTIF CTCF_4.GUERTIN CTCF

letter-probability matrix: alength= 4 w= 19 nsites= 20 E= 0
  0.397727	  0.045455	  0.397727	  0.159091	
  0.000000	  0.215909	  0.772727	  0.011364	
  0.363636	  0.056818	  0.284091	  0.295455	
  0.022727	  0.000000	  0.954545	  0.022727	
  0.147727	  0.102273	  0.750000	  0.000000	
  0.068182	  0.693182	  0.238636	  0.000000	
  0.636364	  0.000000	  0.011364	  0.352273	
  0.034091	  0.000000	  0.965909	  0.000000	
  0.329545	  0.000000	  0.636364	  0.034091	
  0.261364	  0.000000	  0.704545	  0.034091	
  0.022727	  0.000000	  0.909091	  0.068182	
  0.000000	  0.375000	  0.488636	  0.136364	
  0.454545	  0.227273	  0.147727	  0.170455	
  0.170455	  0.011364	  0.806818	  0.011364	
  0.170455	  0.284091	  0.465909	  0.079545	
  0.363636	  0.090909	  0.295455	  0.250000	
  0.318182	  0.000000	  0.647727	  0.034091	
  0.204545	  0.056818	  0.454545	  0.284091	
  0.181818	  0.113636	  0.545455	  0.159091	

MOTIF CTCF.1_1.ZLAB CTCF

letter-probability matrix: alength= 4 w= 14 nsites= 20 E= 0
  0.024000	  0.646000	  0.024000	  0.306000	
  0.068000	  0.042000	  0.792000	  0.098000	
  0.042000	  0.790000	  0.062000	  0.106000	
  0.000000	  0.994000	  0.000000	  0.006000	
  0.262000	  0.666000	  0.046000	  0.026000	
  0.004000	  0.618000	  0.002000	  0.376000	
  0.000000	  0.998000	  0.002000	  0.000000	
  0.032000	  0.064000	  0.008000	  0.896000	
  0.266000	  0.090000	  0.564000	  0.080000	
  0.020000	  0.344000	  0.620000	  0.016000	
  0.080000	  0.194000	  0.044000	  0.682000	
  0.010000	  0.002000	  0.976000	  0.012000	
  0.026000	  0.066000	  0.840000	  0.068000	
  0.126000	  0.594000	  0.074000	  0.206000	

MOTIF CTCF.1_2.ZLAB CTCF

letter-probability matrix: alength= 4 w= 10 nsites= 20 E= 0
  0.042735	  0.811966	  0.094017	  0.051282	
  0.059829	  0.025641	  0.000000	  0.914530	
  0.000000	  0.000000	  0.991453	  0.008547	
  0.000000	  0.974359	  0.000000	  0.025641	
  0.940171	  0.000000	  0.000000	  0.059829	
  0.085470	  0.145299	  0.752137	  0.017094	
  0.017094	  0.042735	  0.025641	  0.914530	
  0.205128	  0.119658	  0.094017	  0.581197	
  0.000000	  0.811966	  0.068376	  0.119658	
  0.034188	  0.786325	  0.000000	  0.179487	

MOTIF CTCF.1_3.ZLAB CTCF

letter-probability matrix: alength= 4 w= 7 nsites= 20 E= 0
  0.510526	  0.000000	  0.000000	  0.489474	
  0.000000	  0.000000	  1.000000	  0.000000	
  0.363158	  0.000000	  0.489474	  0.147368	
  0.200000	  0.000000	  0.800000	  0.000000	
  0.342105	  0.657895	  0.000000	  0.000000	
  0.484211	  0.000000	  0.000000	  0.515789	
  0.000000	  0.000000	  1.000000	  0.000000	

MOTIF CTCF.1_4.ZLAB CTCF

letter-probability matrix: alength= 4 w= 26 nsites= 20 E= 0
  0.000000	  1.000000	  0.000000	  0.000000	
  0.000000	  0.000000	  0.000000	  1.000000	
  0.000000	  0.000000	  1.000000	  0.000000	
  0.000000	  0.000000	  1.000000	  0.000000	
  0.200000	  0.000000	  0.000000	  0.800000	
  0.000000	  1.000000	  0.000000	  0.000000	
  1.000000	  0.000000	  0.000000	  0.000000	
  0.000000	  0.800000	  0.000000	  0.200000	
  0.000000	  1.000000	  0.000000	  0.000000	
  0.000000	  0.000000	  0.000000	  1.000000	
  0.000000	  0.000000	  0.400000	  0.600000	
  0.400000	  0.200000	  0.400000	  0.000000	
  0.200000	  0.000000	  0.000000	  0.800000	
  0.000000	  0.800000	  0.000000	  0.200000	
  0.800000	  0.000000	  0.000000	  0.200000	
  0.000000	  0.400000	  0.000000	  0.600000	
  1.000000	  0.000000	  0.000000	  0.000000	
  0.000000	  0.600000	  0.400000	  0.000000	
  0.800000	  0.200000	  0.000000	  0.000000	
  1.000000	  0.000000	  0.000000	  0.000000	
  0.200000	  0.200000	  0.000000	  0.600000	
  0.000000	  0.000000	  1.000000	  0.000000	
  0.000000	  0.000000	  1.000000	  0.000000	
  0.000000	  0.000000	  0.000000	  1.000000	
  0.000000	  0.000000	  0.400000	  0.600000	
  0.000000	  0.000000	  0.400000	  0.600000	

MOTIF CTCF.1_5.ZLAB CTCF

letter-probability matrix: alength= 4 w= 20 nsites= 20 E= 0
  0.000000	  0.909091	  0.000000	  0.090909	
  0.000000	  0.000000	  0.090909	  0.909091	
  0.000000	  0.000000	  0.909091	  0.090909	
  0.090909	  0.818182	  0.000000	  0.090909	
  0.000000	  0.272727	  0.000000	  0.727273	
  0.000000	  0.000000	  1.000000	  0.000000	
  0.000000	  1.000000	  0.000000	  0.000000	
  0.000000	  1.000000	  0.000000	  0.000000	
  0.363636	  0.545455	  0.090909	  0.000000	
  0.000000	  0.454545	  0.000000	  0.545455	
  0.000000	  1.000000	  0.000000	  0.000000	
  0.181818	  0.090909	  0.090909	  0.636364	
  0.272727	  0.272727	  0.000000	  0.454545	
  0.363636	  0.000000	  0.636364	  0.000000	
  0.000000	  0.272727	  0.000000	  0.727273	
  0.000000	  0.000000	  1.000000	  0.000000	
  0.000000	  0.000000	  1.000000	  0.000000	
  0.000000	  0.636364	  0.090909	  0.272727	
  0.000000	  0.636364	  0.181818	  0.181818	
  0.454545	  0.000000	  0.545455	  0.000000	

MOTIF CTCF-ext.2_1.ZLAB CTCF-ext

letter-probability matrix: alength= 4 w= 12 nsites= 20 E= 0
  0.124248	  0.026052	  0.713427	  0.136273	
  0.052104	  0.743487	  0.058116	  0.146293	
  0.000000	  0.991984	  0.000000	  0.008016	
  0.398798	  0.553106	  0.026052	  0.022044	
  0.010020	  0.494990	  0.014028	  0.480962	
  0.006012	  0.989980	  0.000000	  0.004008	
  0.028056	  0.038076	  0.020040	  0.913828	
  0.358717	  0.054108	  0.438878	  0.148297	
  0.012024	  0.292585	  0.643287	  0.052104	
  0.054108	  0.114228	  0.016032	  0.815631	
  0.008016	  0.000000	  0.991984	  0.000000	
  0.044088	  0.034068	  0.839679	  0.082164	

MOTIF CTCF-ext.2_2.ZLAB CTCF-ext

letter-probability matrix: alength= 4 w= 14 nsites= 20 E= 0
  0.131148	  0.204918	  0.471311	  0.192623	
  0.209016	  0.127049	  0.368852	  0.295082	
  0.135246	  0.008197	  0.782787	  0.073770	
  0.135246	  0.098361	  0.721311	  0.045082	
  0.442623	  0.299180	  0.069672	  0.188525	
  0.856557	  0.024590	  0.094262	  0.024590	
  0.024590	  0.651639	  0.086066	  0.237705	
  0.045082	  0.000000	  0.012295	  0.942623	
  0.032787	  0.000000	  0.967213	  0.000000	
  0.000000	  0.995902	  0.004098	  0.000000	
  0.852459	  0.040984	  0.032787	  0.073770	
  0.061475	  0.114754	  0.700820	  0.122951	
  0.077869	  0.475410	  0.377049	  0.069672	
  0.209016	  0.450820	  0.151639	  0.188525	

MOTIF CTCF-ext.2_3.ZLAB CTCF-ext

letter-probability matrix: alength= 4 w= 28 nsites= 20 E= 0
  0.181818	  0.000000	  0.000000	  0.818182	
  0.000000	  0.000000	  0.090909	  0.909091	
  0.000000	  0.545455	  0.090909	  0.363636	
  0.090909	  0.363636	  0.090909	  0.454545	
  0.272727	  0.363636	  0.000000	  0.363636	
  0.090909	  0.454545	  0.000000	  0.454545	
  0.272727	  0.090909	  0.000000	  0.636364	
  0.000000	  0.000000	  0.000000	  1.000000	
  0.000000	  0.090909	  0.181818	  0.727273	
  0.000000	  0.363636	  0.636364	  0.000000	
  0.090909	  0.818182	  0.000000	  0.090909	
  0.000000	  0.727273	  0.090909	  0.181818	
  0.727273	  0.000000	  0.000000	  0.272727	
  0.000000	  0.181818	  0.818182	  0.000000	
  0.272727	  0.727273	  0.000000	  0.000000	
  0.272727	  0.000000	  0.090909	  0.636364	
  0.090909	  0.090909	  0.818182	  0.000000	
  0.090909	  0.181818	  0.636364	  0.090909	
  0.272727	  0.181818	  0.090909	  0.454545	
  0.454545	  0.000000	  0.545455	  0.000000	
  0.000000	  0.818182	  0.090909	  0.090909	
  0.818182	  0.090909	  0.090909	  0.000000	
  0.727273	  0.272727	  0.000000	  0.000000	
  0.000000	  0.000000	  0.000000	  1.000000	
  0.000000	  0.181818	  0.818182	  0.000000	
  0.000000	  0.363636	  0.000000	  0.636364	
  0.000000	  0.090909	  0.000000	  0.909091	
  0.818182	  0.000000	  0.000000	  0.181818	

MOTIF CTCF-ext.2_4.ZLAB CTCF-ext

letter-probability matrix: alength= 4 w= 14 nsites= 20 E= 0
  0.047619	  0.000000	  0.690476	  0.261905	
  0.095238	  0.904762	  0.000000	  0.000000	
  0.000000	  1.000000	  0.000000	  0.000000	
  0.214286	  0.666667	  0.000000	  0.119048	
  0.000000	  0.619048	  0.000000	  0.380952	
  0.000000	  1.000000	  0.000000	  0.000000	
  0.047619	  0.023810	  0.000000	  0.928571	
  0.309524	  0.095238	  0.380952	  0.214286	
  0.047619	  0.428571	  0.333333	  0.190476	
  0.333333	  0.166667	  0.095238	  0.404762	
  0.000000	  0.000000	  1.000000	  0.000000	
  0.023810	  0.023810	  0.952381	  0.000000	
  0.357143	  0.476190	  0.071429	  0.095238	
  0.238095	  0.476190	  0.214286	  0.071429	

MOTIF CTCF-ext.2_5.ZLAB CTCF-ext

letter-probability matrix: alength= 4 w= 14 nsites= 20 E= 0
  0.000000	  0.314815	  0.000000	  0.685185	
  0.000000	  0.055556	  0.074074	  0.870370	
  0.000000	  0.462963	  0.000000	  0.537037	
  0.000000	  0.203704	  0.000000	  0.796296	
  0.055556	  0.592593	  0.259259	  0.092593	
  0.000000	  0.962963	  0.000000	  0.037037	
  0.129630	  0.074074	  0.000000	  0.796296	
  0.000000	  0.166667	  0.592593	  0.240741	
  0.074074	  0.407407	  0.055556	  0.462963	
  0.203704	  0.055556	  0.185185	  0.555556	
  0.000000	  0.370370	  0.277778	  0.351852	
  0.018519	  0.777778	  0.074074	  0.129630	
  0.351852	  0.000000	  0.000000	  0.648148	
  0.000000	  0.000000	  0.907407	  0.092593	

MOTIF Ctcf.TF2DNA Ctcf

letter-probability matrix: alength= 4 w= 8 nsites= 20 E= 0
  0.247000	  0.298000	  0.162000	  0.293000	
  0.373000	  0.000000	  0.004000	  0.622000	
  0.079000	  0.066000	  0.000000	  0.856000	
  1.000000	  0.000000	  0.000000	  0.000000	
  0.492000	  0.000000	  0.000000	  0.508000	
  0.000000	  0.000000	  1.000000	  0.000000	
  0.000000	  1.000000	  0.000000	  0.000000	
  0.308000	  0.300000	  0.157000	  0.235000	

MOTIF CTCF.SWISSREGULON CTCF.p2

letter-probability matrix: alength= 4 w= 19 nsites= 20 E= 0
  0.087870	  0.292377	  0.105515	  0.514237	
  0.155039	  0.170384	  0.428219	  0.246357	
  0.272615	  0.072523	  0.500449	  0.154412	
  0.045388	  0.920493	  0.002446	  0.031673	
  0.000000	  0.998453	  0.000000	  0.001547	
  0.857710	  0.001986	  0.061570	  0.078734	
  0.006837	  0.610357	  0.381029	  0.001777	
  0.121571	  0.585382	  0.021617	  0.271429	
  0.966132	  0.000000	  0.017979	  0.015889	
  0.000167	  0.000000	  0.999833	  0.000000	
  0.472236	  0.000000	  0.527764	  0.000000	
  0.005561	  0.001213	  0.563962	  0.429264	
  0.000376	  0.000000	  0.999624	  0.000000	
  0.001066	  0.004432	  0.976543	  0.017959	
  0.051932	  0.877843	  0.004328	  0.065897	
  0.569084	  0.001652	  0.421864	  0.007401	
  0.066566	  0.476710	  0.433747	  0.022976	
  0.104637	  0.397370	  0.064225	  0.433768	
  0.497355	  0.218928	  0.262413	  0.021303	

MOTIF M4427_1.02.CIS-BP CTCF

letter-probability matrix: alength= 4 w= 20 nsites= 20 E= 0
  0.085417	  0.341667	  0.147917	  0.425000	
  0.200000	  0.170833	  0.437500	  0.191667	
  0.216667	  0.097917	  0.520833	  0.164583	
  0.085417	  0.816667	  0.045833	  0.052083	
  0.002083	  0.997917	  0.000000	  0.000000	
  0.656250	  0.016667	  0.220833	  0.106250	
  0.035417	  0.593750	  0.358333	  0.012500	
  0.131250	  0.562500	  0.077083	  0.229167	
  0.912500	  0.014583	  0.037500	  0.035417	
  0.000000	  0.000000	  0.997917	  0.002083	
  0.395833	  0.000000	  0.604167	  0.000000	
  0.029167	  0.018750	  0.606250	  0.345833	
  0.006250	  0.000000	  0.993750	  0.000000	
  0.029167	  0.016667	  0.891666	  0.062500	
  0.081250	  0.837500	  0.008333	  0.072917	
  0.379167	  0.014583	  0.593750	  0.012500	
  0.081250	  0.556250	  0.306250	  0.056250	
  0.116667	  0.375000	  0.108333	  0.400000	
  0.322917	  0.272917	  0.341667	  0.062500	
  0.122917	  0.239583	  0.310417	  0.327083	

