MEME version 4.4

ALPHABET= ACGT

strands: + -

Background letter frequencies (from uniform background):
A 0.25000 C 0.25000 G 0.25000 T 0.25000 

MOTIF MA0114.2.JASPAR HNF4A

letter-probability matrix: alength= 4 w= 14 nsites= 20 E= 0
  0.103232	  0.042939	  0.054091	  0.799738	
  0.049917	  0.003042	  0.942867	  0.004175	
  0.362297	  0.110091	  0.499165	  0.028447	
  0.657562	  0.263896	  0.019621	  0.058922	
  0.006978	  0.986104	  0.003996	  0.002922	
  0.001551	  0.097209	  0.000000	  0.901240	
  0.010615	  0.157264	  0.021887	  0.810234	
  0.000000	  0.010317	  0.024272	  0.965410	
  0.051527	  0.002087	  0.938752	  0.007634	
  0.314289	  0.223342	  0.318464	  0.143905	
  0.364921	  0.337130	  0.099117	  0.198831	
  0.068941	  0.804568	  0.020992	  0.105499	
  0.111522	  0.387524	  0.024750	  0.476205	
  0.123449	  0.384661	  0.178972	  0.312917	

MOTIF HNF4A_f1.HOCOMOCO HNF4A

letter-probability matrix: alength= 4 w= 12 nsites= 20 E= 0
  0.065019	  0.029017	  0.839334	  0.066631	
  0.196131	  0.060183	  0.457818	  0.285868	
  0.102633	  0.366470	  0.271359	  0.259538	
  0.059108	  0.844707	  0.024718	  0.071467	
  0.916711	  0.018807	  0.016658	  0.047824	
  0.761956	  0.024181	  0.204191	  0.009672	
  0.826437	  0.002149	  0.157980	  0.013434	
  0.007523	  0.012359	  0.960774	  0.019344	
  0.069855	  0.024181	  0.351961	  0.554003	
  0.048898	  0.451908	  0.108544	  0.390650	
  0.044600	  0.851693	  0.023643	  0.080064	
  0.734014	  0.062332	  0.105857	  0.097797	

MOTIF HNF4a.HOMER HepG2-HNF4a-ChIP-Seq

letter-probability matrix: alength= 4 w= 15 nsites= 20 E= 0
  0.471000	  0.170000	  0.148000	  0.211000	
  0.372000	  0.139000	  0.393000	  0.097000	
  0.518000	  0.009000	  0.376000	  0.097000	
  0.113000	  0.016000	  0.800000	  0.071000	
  0.193000	  0.074000	  0.375000	  0.358000	
  0.138000	  0.318000	  0.212000	  0.332000	
  0.018000	  0.937000	  0.003000	  0.042000	
  0.982000	  0.012000	  0.004000	  0.002000	
  0.788000	  0.019000	  0.187000	  0.007000	
  0.875000	  0.001000	  0.118000	  0.006000	
  0.009000	  0.009000	  0.963000	  0.020000	
  0.061000	  0.021000	  0.273000	  0.645000	
  0.057000	  0.466000	  0.123000	  0.354000	
  0.032000	  0.917000	  0.002000	  0.050000	
  0.806000	  0.066000	  0.018000	  0.111000	

MOTIF HNF4_disc1.POUR HNF4G_HepG2_encode-Myers_seq_hsa_v041610.1-SC-6558_r1:MEME#2#Intergenic

letter-probability matrix: alength= 4 w= 12 nsites= 20 E= 0
  0.076000	  0.000000	  0.924000	  0.000000	
  0.276000	  0.132000	  0.556000	  0.036000	
  0.672000	  0.304000	  0.000000	  0.024000	
  0.024000	  0.928000	  0.048000	  0.000000	
  0.016000	  0.104000	  0.004000	  0.876000	
  0.004000	  0.124000	  0.016000	  0.856000	
  0.020000	  0.024000	  0.044000	  0.912000	
  0.084000	  0.012000	  0.872000	  0.032000	
  0.296000	  0.236000	  0.272000	  0.196000	
  0.272000	  0.452000	  0.092000	  0.184000	
  0.036000	  0.836000	  0.000000	  0.128000	
  0.100000	  0.364000	  0.020000	  0.516000	

MOTIF HNF4_disc2.POUR HNF4A_HepG2_encode-Myers_seq_hsa_v041610.1-H-171_r1:Trawler#3#Intergenic

letter-probability matrix: alength= 4 w= 8 nsites= 20 E= 0
  1.000000	  0.000000	  0.000000	  0.000000	
  0.000000	  0.000000	  1.000000	  0.000000	
  0.000000	  0.131579	  0.000000	  0.868421	
  0.000000	  0.657895	  0.000000	  0.342105	
  0.000000	  1.000000	  0.000000	  0.000000	
  1.000000	  0.000000	  0.000000	  0.000000	
  0.000000	  0.000000	  1.000000	  0.000000	
  0.236842	  0.315789	  0.000000	  0.447368	

MOTIF HNF4_disc3.POUR HNF4A_HepG2_encode-Snyder_seq_hsa_forskolin_r1:Trawler#2#Intergenic

letter-probability matrix: alength= 4 w= 8 nsites= 20 E= 0
  0.000000	  0.000000	  1.000000	  0.000000	
  0.000000	  0.000000	  0.000000	  1.000000	
  0.000000	  0.787879	  0.212121	  0.000000	
  0.000000	  1.000000	  0.000000	  0.000000	
  1.000000	  0.000000	  0.000000	  0.000000	
  0.696970	  0.000000	  0.303030	  0.000000	
  0.575758	  0.000000	  0.424242	  0.000000	
  0.000000	  0.000000	  1.000000	  0.000000	

MOTIF HNF4_disc4.POUR HNF4G_HepG2_encode-Myers_seq_hsa_v041610.1-SC-6558_r1:Trawler#1#Intergenic

letter-probability matrix: alength= 4 w= 8 nsites= 20 E= 0
  0.000000	  0.000000	  1.000000	  0.000000	
  0.000000	  1.000000	  0.000000	  0.000000	
  1.000000	  0.000000	  0.000000	  0.000000	
  1.000000	  0.000000	  0.000000	  0.000000	
  0.695652	  0.000000	  0.173913	  0.130435	
  0.000000	  0.869565	  0.000000	  0.130435	
  0.956522	  0.000000	  0.043478	  0.000000	
  0.000000	  0.000000	  0.652174	  0.347826	

MOTIF HNF4_disc5.POUR HNF4G_HepG2_encode-Myers_seq_hsa_v041610.1-SC-6558_r1:Trawler#2#Intergenic

letter-probability matrix: alength= 4 w= 8 nsites= 20 E= 0
  0.000000	  1.000000	  0.000000	  0.000000	
  1.000000	  0.000000	  0.000000	  0.000000	
  0.588235	  0.411765	  0.000000	  0.000000	
  0.823529	  0.000000	  0.000000	  0.176471	
  0.000000	  0.000000	  1.000000	  0.000000	
  0.000000	  0.000000	  1.000000	  0.000000	
  0.294118	  0.000000	  0.705882	  0.000000	
  0.000000	  1.000000	  0.000000	  0.000000	

MOTIF HNF4A_DBD_1.JOLMA HNF4A

letter-probability matrix: alength= 4 w= 15 nsites= 20 E= 0
  0.533712	  0.027679	  0.427253	  0.011356	
  0.013803	  0.001380	  0.935128	  0.049689	
  0.002901	  0.001450	  0.013053	  0.982596	
  0.099626	  0.633770	  0.186623	  0.079981	
  0.026738	  0.905749	  0.004011	  0.063503	
  0.965788	  0.000000	  0.029936	  0.004277	
  0.978339	  0.000000	  0.010108	  0.011552	
  0.964413	  0.000000	  0.035587	  0.000000	
  0.000000	  0.000000	  1.000000	  0.000000	
  0.000000	  0.000000	  0.001474	  0.998526	
  0.042607	  0.679198	  0.086216	  0.191980	
  0.002143	  0.967857	  0.000000	  0.030000	
  0.751109	  0.016630	  0.101441	  0.130820	
  0.331610	  0.150665	  0.047267	  0.470458	
  0.037642	  0.663352	  0.000000	  0.299006	

MOTIF HNF4A_DBD_2.JOLMA HNF4A

letter-probability matrix: alength= 4 w= 15 nsites= 20 E= 0
  0.349525	  0.014784	  0.626716	  0.008976	
  0.006441	  0.000000	  0.993022	  0.000537	
  0.063143	  0.013564	  0.865295	  0.057998	
  0.004789	  0.009976	  0.247007	  0.738228	
  0.000000	  0.900682	  0.003895	  0.095424	
  0.953608	  0.002577	  0.043814	  0.000000	
  0.961039	  0.000000	  0.023896	  0.015065	
  0.977801	  0.011628	  0.006342	  0.004228	
  0.000000	  0.001080	  0.998920	  0.000000	
  0.000000	  0.000000	  0.020127	  0.979873	
  0.027359	  0.733545	  0.118160	  0.120936	
  0.002004	  0.926854	  0.005010	  0.066132	
  0.590744	  0.001560	  0.370775	  0.036921	
  0.000000	  0.314595	  0.231892	  0.453514	
  0.142162	  0.238919	  0.176757	  0.442162	

MOTIF HNF4A_full_1.JOLMA HNF4A

letter-probability matrix: alength= 4 w= 15 nsites= 20 E= 0
  0.489301	  0.007368	  0.494022	  0.009310	
  0.002338	  0.001588	  0.983236	  0.012838	
  0.006397	  0.001030	  0.035679	  0.956893	
  0.166227	  0.605740	  0.062920	  0.165113	
  0.001269	  0.975020	  0.001619	  0.022093	
  0.979175	  0.000879	  0.019200	  0.000747	
  0.996423	  0.000358	  0.001654	  0.001565	
  0.986936	  0.000974	  0.011514	  0.000576	
  0.000626	  0.001253	  0.997181	  0.000940	
  0.001560	  0.001515	  0.003699	  0.993226	
  0.010430	  0.890661	  0.006194	  0.092715	
  0.002026	  0.981417	  0.002422	  0.014135	
  0.847414	  0.006122	  0.135970	  0.010494	
  0.387957	  0.254734	  0.122902	  0.234407	
  0.255267	  0.274114	  0.189125	  0.281494	

MOTIF HNF4A_full_2.JOLMA HNF4A

letter-probability matrix: alength= 4 w= 13 nsites= 20 E= 0
  0.296336	  0.004625	  0.696282	  0.002757	
  0.000625	  0.001161	  0.996696	  0.001518	
  0.029897	  0.003630	  0.794490	  0.171982	
  0.006679	  0.008172	  0.108195	  0.876955	
  0.000887	  0.990328	  0.000799	  0.007986	
  0.993767	  0.000890	  0.004808	  0.000534	
  0.995363	  0.001694	  0.001249	  0.001694	
  0.993767	  0.000801	  0.004897	  0.000534	
  0.000089	  0.001787	  0.997408	  0.000715	
  0.001223	  0.001738	  0.718535	  0.278504	
  0.001056	  0.008359	  0.008535	  0.982050	
  0.001326	  0.986303	  0.001679	  0.010693	
  0.783613	  0.003089	  0.211753	  0.001545	

MOTIF HNF4A_full_3.JOLMA HNF4A

letter-probability matrix: alength= 4 w= 15 nsites= 20 E= 0
  0.375135	  0.011558	  0.607475	  0.005833	
  0.000931	  0.001041	  0.996795	  0.001233	
  0.064765	  0.004963	  0.737151	  0.193120	
  0.018640	  0.026340	  0.174514	  0.780507	
  0.001046	  0.975837	  0.001475	  0.021642	
  0.983832	  0.000703	  0.015033	  0.000433	
  0.995105	  0.000902	  0.002160	  0.001832	
  0.983353	  0.001135	  0.014593	  0.000919	
  0.001096	  0.001178	  0.997150	  0.000575	
  0.001011	  0.001695	  0.002597	  0.994697	
  0.011864	  0.873892	  0.007325	  0.106919	
  0.001351	  0.983247	  0.001216	  0.014186	
  0.814436	  0.004880	  0.166743	  0.013940	
  0.339965	  0.267966	  0.132375	  0.259694	
  0.236122	  0.251072	  0.203281	  0.309525	

MOTIF HNF4A_full_4.JOLMA HNF4A

letter-probability matrix: alength= 4 w= 14 nsites= 20 E= 0
  0.440803	  0.003171	  0.552502	  0.003524	
  0.003852	  0.001751	  0.986695	  0.007703	
  0.006887	  0.004821	  0.017906	  0.970386	
  0.149620	  0.629299	  0.042876	  0.178205	
  0.004483	  0.971724	  0.005862	  0.017931	
  0.986349	  0.000700	  0.012951	  0.000000	
  0.991206	  0.001407	  0.003517	  0.003869	
  0.987732	  0.001753	  0.007361	  0.003155	
  0.000352	  0.002467	  0.992953	  0.004228	
  0.003357	  0.002877	  0.675617	  0.318149	
  0.003404	  0.020422	  0.017018	  0.959156	
  0.001737	  0.978812	  0.002779	  0.016672	
  0.812572	  0.002595	  0.183103	  0.001730	
  0.346703	  0.283219	  0.113066	  0.257013	

MOTIF Hnf4a_DBD.JOLMA Hnf4a

letter-probability matrix: alength= 4 w= 15 nsites= 20 E= 0
  0.312909	  0.004432	  0.681696	  0.000963	
  0.001161	  0.000000	  0.998646	  0.000193	
  0.034602	  0.002296	  0.846507	  0.116596	
  0.024916	  0.011111	  0.094949	  0.869024	
  0.000189	  0.975803	  0.000945	  0.023062	
  0.969754	  0.000376	  0.029870	  0.000000	
  0.984739	  0.000000	  0.013163	  0.002098	
  0.990027	  0.000000	  0.009973	  0.000000	
  0.000000	  0.000194	  0.999226	  0.000581	
  0.000000	  0.000966	  0.001353	  0.997681	
  0.020207	  0.808584	  0.020520	  0.150689	
  0.000000	  0.963599	  0.000747	  0.035654	
  0.835115	  0.006565	  0.132996	  0.025324	
  0.416118	  0.214839	  0.217164	  0.151879	
  0.197366	  0.206082	  0.175479	  0.421073	

MOTIF hnf4.MacIsaac hnf4

letter-probability matrix: alength= 4 w= 7 nsites= 20 E= 0
  0.329782	  0.183055	  0.272881	  0.214282	
  0.693276	  0.016450	  0.289827	  0.000447	
  0.000441	  0.000275	  0.998843	  0.000441	
  0.000443	  0.000277	  0.892998	  0.106282	
  0.041023	  0.018027	  0.038723	  0.902227	
  0.000440	  0.952478	  0.046641	  0.000440	
  0.978261	  0.000281	  0.021008	  0.000450	

MOTIF hnf4_1.MacIsaac hnf4

letter-probability matrix: alength= 4 w= 13 nsites= 20 E= 0
  0.018866	  0.003045	  0.916024	  0.062066	
  0.545048	  0.074067	  0.074067	  0.306818	
  0.772507	  0.038185	  0.090442	  0.098866	
  0.004443	  0.959433	  0.003029	  0.033095	
  0.801059	  0.003300	  0.159596	  0.036046	
  0.239912	  0.190135	  0.246062	  0.323891	
  0.237252	  0.280293	  0.261704	  0.220751	
  0.336098	  0.242906	  0.316542	  0.104455	
  0.191498	  0.124474	  0.072540	  0.611489	
  0.004428	  0.050676	  0.940467	  0.004428	
  0.020786	  0.003354	  0.003354	  0.972505	
  0.330912	  0.106952	  0.106952	  0.455184	
  0.076935	  0.857554	  0.003063	  0.062447	

MOTIF hnf4_2.MacIsaac hnf4

letter-probability matrix: alength= 4 w= 14 nsites= 20 E= 0
  0.023424	  0.016393	  0.946832	  0.013352	
  0.642575	  0.041463	  0.091440	  0.224523	
  0.900908	  0.002638	  0.039322	  0.057132	
  0.009573	  0.946238	  0.041558	  0.002630	
  0.870307	  0.016082	  0.068186	  0.045424	
  0.183769	  0.285782	  0.222671	  0.307778	
  0.243674	  0.256326	  0.256326	  0.243674	
  0.307778	  0.222671	  0.285782	  0.183769	
  0.045424	  0.068186	  0.016082	  0.870307	
  0.002630	  0.041558	  0.946238	  0.009573	
  0.057132	  0.039322	  0.002638	  0.900908	
  0.224523	  0.091440	  0.041463	  0.642575	
  0.013352	  0.946832	  0.016393	  0.023424	
  0.040158	  0.215816	  0.019129	  0.724897	

MOTIF hnf4_3.MacIsaac hnf4

letter-probability matrix: alength= 4 w= 14 nsites= 20 E= 0
  0.021824	  0.016719	  0.957665	  0.003792	
  0.031826	  0.017347	  0.943351	  0.007475	
  0.038473	  0.013961	  0.057492	  0.890074	
  0.025108	  0.885658	  0.067117	  0.022117	
  0.975400	  0.013971	  0.004068	  0.006561	
  0.109801	  0.655870	  0.131168	  0.103161	
  0.259741	  0.240259	  0.240259	  0.259741	
  0.103161	  0.131168	  0.655870	  0.109801	
  0.006561	  0.004068	  0.013971	  0.975400	
  0.022117	  0.067117	  0.885658	  0.025108	
  0.890074	  0.057492	  0.013961	  0.038473	
  0.007475	  0.943351	  0.017347	  0.031826	
  0.003792	  0.957665	  0.016719	  0.021824	
  0.004340	  0.237083	  0.023511	  0.735066	

MOTIF hnf4_4.MacIsaac hnf4

letter-probability matrix: alength= 4 w= 11 nsites= 20 E= 0
  0.054114	  0.032737	  0.896916	  0.016234	
  0.029301	  0.047530	  0.913814	  0.009356	
  0.033051	  0.063098	  0.021864	  0.881987	
  0.008314	  0.928934	  0.043005	  0.019747	
  0.889098	  0.036355	  0.047541	  0.027006	
  0.027006	  0.047541	  0.036355	  0.889098	
  0.019747	  0.043005	  0.928934	  0.008314	
  0.881987	  0.021864	  0.063098	  0.033051	
  0.009356	  0.913814	  0.047530	  0.029301	
  0.016234	  0.896916	  0.032737	  0.054114	
  0.075298	  0.061839	  0.026181	  0.836683	

MOTIF hnf4_5.MacIsaac hnf4

letter-probability matrix: alength= 4 w= 10 nsites= 20 E= 0
  0.083623	  0.798675	  0.089045	  0.028657	
  0.866571	  0.023931	  0.050802	  0.058695	
  0.943648	  0.010964	  0.017566	  0.027821	
  0.003370	  0.003230	  0.989401	  0.003999	
  0.010776	  0.015131	  0.620547	  0.353546	
  0.029622	  0.022836	  0.003576	  0.943966	
  0.016477	  0.947517	  0.014918	  0.021088	
  0.977563	  0.004572	  0.004033	  0.013833	
  0.742396	  0.117677	  0.053102	  0.086825	
  0.124852	  0.072995	  0.735061	  0.067092	

MOTIF hnf4_6.MacIsaac hnf4

letter-probability matrix: alength= 4 w= 15 nsites= 20 E= 0
  0.035676	  0.022872	  0.914935	  0.026517	
  0.860375	  0.010538	  0.040574	  0.088513	
  0.115141	  0.826525	  0.009553	  0.048781	
  0.005785	  0.944202	  0.023118	  0.026895	
  0.023319	  0.013710	  0.035313	  0.927659	
  0.167161	  0.276427	  0.254895	  0.301517	
  0.467542	  0.187613	  0.221723	  0.123123	
  0.438659	  0.098334	  0.141889	  0.321117	
  0.188160	  0.060191	  0.459042	  0.292607	
  0.041159	  0.006930	  0.006944	  0.944968	
  0.032085	  0.056866	  0.803129	  0.107920	
  0.904945	  0.026878	  0.032432	  0.035745	
  0.064397	  0.837292	  0.026957	  0.071354	
  0.035726	  0.891801	  0.043069	  0.029403	
  0.045889	  0.149472	  0.007289	  0.797350	

MOTIF hnf4_7.MacIsaac hnf4

letter-probability matrix: alength= 4 w= 13 nsites= 20 E= 0
  0.039618	  0.033638	  0.908916	  0.017828	
  0.918416	  0.041381	  0.030084	  0.010119	
  0.034846	  0.950698	  0.002711	  0.011745	
  0.009970	  0.963701	  0.014424	  0.011905	
  0.003616	  0.037075	  0.003576	  0.955733	
  0.021114	  0.054988	  0.045256	  0.878642	
  0.003317	  0.003698	  0.026457	  0.966529	
  0.021866	  0.029416	  0.944575	  0.004143	
  0.911194	  0.027829	  0.021971	  0.039006	
  0.015180	  0.972149	  0.009344	  0.003327	
  0.014454	  0.975730	  0.002497	  0.007318	
  0.003080	  0.417538	  0.013304	  0.566078	
  0.092850	  0.469098	  0.100062	  0.337990	

MOTIF UP00066_1.UNIPROBE Hnf4a_primary

letter-probability matrix: alength= 4 w= 16 nsites= 20 E= 0
  0.198683	  0.190981	  0.267970	  0.342366	
  0.150012	  0.319579	  0.206063	  0.324347	
  0.274896	  0.302572	  0.238597	  0.183935	
  0.438853	  0.331148	  0.021186	  0.208812	
  0.133937	  0.027342	  0.832490	  0.006231	
  0.141462	  0.002336	  0.854359	  0.001843	
  0.003464	  0.000753	  0.987433	  0.008349	
  0.004388	  0.000692	  0.884494	  0.110426	
  0.003808	  0.001605	  0.016793	  0.977794	
  0.001992	  0.976605	  0.003739	  0.017664	
  0.881237	  0.089981	  0.026017	  0.002764	
  0.735041	  0.106592	  0.083260	  0.075107	
  0.164419	  0.315518	  0.181031	  0.339032	
  0.228285	  0.176364	  0.157583	  0.437768	
  0.233407	  0.193567	  0.327076	  0.245951	
  0.320479	  0.312566	  0.195701	  0.171254	

MOTIF UP00066_2.UNIPROBE Hnf4a_secondary

letter-probability matrix: alength= 4 w= 15 nsites= 20 E= 0
  0.109910	  0.144258	  0.373681	  0.372151	
  0.196671	  0.411335	  0.159689	  0.232305	
  0.311086	  0.307077	  0.122332	  0.259505	
  0.895155	  0.013238	  0.038874	  0.052733	
  0.779629	  0.018399	  0.171269	  0.030703	
  0.950546	  0.002649	  0.041825	  0.004980	
  0.004769	  0.002646	  0.985847	  0.006739	
  0.004458	  0.002117	  0.012011	  0.981414	
  0.016789	  0.969626	  0.003890	  0.009695	
  0.002468	  0.982852	  0.004754	  0.009926	
  0.891448	  0.003193	  0.097548	  0.007811	
  0.513330	  0.308971	  0.070467	  0.107232	
  0.179371	  0.115514	  0.130898	  0.574217	
  0.285826	  0.277536	  0.166982	  0.269655	
  0.319407	  0.227783	  0.129020	  0.323790	

MOTIF UP00066.1.ZHAO2011 sci09.v1_Hnf4a_2640

letter-probability matrix: alength= 4 w= 19 nsites= 20 E= 0
  0.248875	  0.195772	  0.251376	  0.303977	
  0.149866	  0.223573	  0.128990	  0.497571	
  0.058627	  0.153117	  0.450879	  0.337377	
  0.213377	  0.075419	  0.591735	  0.119469	
  0.770986	  0.210118	  0.000212	  0.018684	
  0.073391	  0.876383	  0.000536	  0.049690	
  0.056064	  0.611854	  0.025191	  0.306891	
  0.106860	  0.451023	  0.114608	  0.327510	
  0.195613	  0.253696	  0.218358	  0.332333	
  0.017735	  0.693583	  0.025797	  0.262886	
  0.000000	  0.005897	  0.000000	  0.994103	
  0.992012	  0.004000	  0.003988	  0.000000	
  0.024058	  0.019650	  0.000000	  0.956293	
  0.029680	  0.009983	  0.000000	  0.960337	
  0.009955	  0.008022	  0.000000	  0.982023	
  0.439655	  0.005922	  0.000000	  0.554423	
  0.043425	  0.019745	  0.001937	  0.934893	
  0.974191	  0.000000	  0.025809	  0.000000	
  0.121768	  0.011724	  0.836727	  0.029781	

MOTIF UP00066.2.ZHAO2011 sci09.v2_Hnf4a_2640

letter-probability matrix: alength= 4 w= 18 nsites= 20 E= 0
  0.238918	  0.205638	  0.248668	  0.306776	
  0.146649	  0.218775	  0.162073	  0.472503	
  0.068210	  0.150293	  0.447013	  0.334484	
  0.195486	  0.079479	  0.599136	  0.125900	
  0.787587	  0.202143	  0.000206	  0.010064	
  0.069234	  0.877859	  0.000581	  0.052326	
  0.058025	  0.620717	  0.019123	  0.302135	
  0.097684	  0.455656	  0.115785	  0.330874	
  0.185179	  0.284667	  0.192736	  0.337418	
  0.044078	  0.831399	  0.004358	  0.120165	
  0.270237	  0.224311	  0.106290	  0.399162	
  0.061039	  0.186675	  0.614586	  0.137700	
  0.022962	  0.073847	  0.007283	  0.895908	
  0.811460	  0.004736	  0.068703	  0.115102	
  0.779089	  0.063188	  0.000000	  0.157723	
  0.302562	  0.100001	  0.108277	  0.489160	
  0.000000	  0.015677	  0.000000	  0.984323	
  0.058106	  0.005544	  0.904297	  0.032052	

MOTIF Hnf4a_1.3DFOOTPRINT Hnf4a

letter-probability matrix: alength= 4 w= 4 nsites= 20 E= 0
  0.000000	  0.000000	  1.000000	  0.000000	
  0.083333	  0.114583	  0.718750	  0.083333	
  0.718750	  0.114583	  0.083333	  0.083333	
  0.093750	  0.906250	  0.000000	  0.000000	

MOTIF Hnf4a_2.3DFOOTPRINT Hnf4a

letter-probability matrix: alength= 4 w= 11 nsites= 20 E= 0
  0.000000	  0.000000	  1.000000	  0.000000	
  0.729167	  0.000000	  0.135417	  0.135417	
  0.739583	  0.041667	  0.177083	  0.041667	
  0.000000	  1.000000	  0.000000	  0.000000	
  0.041667	  0.770833	  0.135417	  0.052083	
  0.250000	  0.250000	  0.250000	  0.250000	
  0.041667	  0.000000	  0.052083	  0.906250	
  0.000000	  0.000000	  1.000000	  0.000000	
  0.041667	  0.041667	  0.875000	  0.041667	
  0.906250	  0.000000	  0.052083	  0.041667	
  0.000000	  1.000000	  0.000000	  0.000000	

MOTIF Hnf4a_3.3DFOOTPRINT Hnf4a

letter-probability matrix: alength= 4 w= 10 nsites= 20 E= 0
  0.520833	  0.156250	  0.166667	  0.156250	
  0.000000	  1.000000	  0.000000	  0.000000	
  0.000000	  1.000000	  0.000000	  0.000000	
  0.104167	  0.156250	  0.114583	  0.625000	
  0.250000	  0.250000	  0.250000	  0.250000	
  0.052083	  0.062500	  0.052083	  0.833333	
  0.250000	  0.250000	  0.250000	  0.250000	
  0.572917	  0.156250	  0.114583	  0.156250	
  0.000000	  1.000000	  0.000000	  0.000000	
  0.000000	  1.000000	  0.000000	  0.000000	

MOTIF Hnf4a_4.3DFOOTPRINT Hnf4a

letter-probability matrix: alength= 4 w= 4 nsites= 20 E= 0
  0.093750	  0.093750	  0.718750	  0.093750	
  0.697917	  0.093750	  0.093750	  0.114583	
  0.000000	  1.000000	  0.000000	  0.000000	
  0.093750	  0.697917	  0.114583	  0.093750	

MOTIF Hnf4a_5.3DFOOTPRINT Hnf4a

letter-probability matrix: alength= 4 w= 11 nsites= 20 E= 0
  0.000000	  0.000000	  1.000000	  0.000000	
  0.812500	  0.062500	  0.062500	  0.062500	
  0.000000	  1.000000	  0.000000	  0.000000	
  0.000000	  1.000000	  0.000000	  0.000000	
  0.062500	  0.062500	  0.062500	  0.812500	
  0.250000	  0.250000	  0.250000	  0.250000	
  0.000000	  0.000000	  0.000000	  1.000000	
  0.062500	  0.062500	  0.812500	  0.062500	
  0.812500	  0.062500	  0.062500	  0.062500	
  0.000000	  1.000000	  0.000000	  0.000000	
  0.062500	  0.812500	  0.062500	  0.062500	

MOTIF HNF4A_1.GUERTIN HNF4A

letter-probability matrix: alength= 4 w= 15 nsites= 20 E= 0
  0.140603	  0.063128	  0.083214	  0.713056	
  0.087518	  0.000000	  0.860832	  0.051650	
  0.268293	  0.114778	  0.546628	  0.070301	
  0.710187	  0.203730	  0.014347	  0.071736	
  0.041607	  0.939742	  0.007174	  0.011478	
  0.004304	  0.119082	  0.000000	  0.876614	
  0.022956	  0.210904	  0.024390	  0.741750	
  0.001435	  0.008608	  0.022956	  0.967001	
  0.071736	  0.020086	  0.876614	  0.031564	
  0.278336	  0.241033	  0.307030	  0.173601	
  0.397418	  0.309900	  0.103300	  0.189383	
  0.063128	  0.797704	  0.027260	  0.111908	
  0.109039	  0.327116	  0.012912	  0.550933	
  0.087518	  0.374462	  0.218077	  0.319943	
  0.236729	  0.206600	  0.195122	  0.361549	

MOTIF HNF4A_2.GUERTIN HNF4A

letter-probability matrix: alength= 4 w= 15 nsites= 20 E= 0
  0.801980	  0.000000	  0.198020	  0.000000	
  0.821782	  0.128713	  0.049505	  0.000000	
  0.742574	  0.029703	  0.168317	  0.059406	
  0.534653	  0.316832	  0.148515	  0.000000	
  0.811881	  0.079208	  0.108911	  0.000000	
  0.881188	  0.049505	  0.000000	  0.069307	
  0.782178	  0.039604	  0.148515	  0.029703	
  0.623762	  0.287129	  0.069307	  0.019802	
  1.000000	  0.000000	  0.000000	  0.000000	
  0.762376	  0.217822	  0.000000	  0.019802	
  0.861386	  0.000000	  0.099010	  0.039604	
  0.594059	  0.148515	  0.188119	  0.069307	
  0.683168	  0.207921	  0.049505	  0.059406	
  0.643564	  0.217822	  0.059406	  0.079208	
  0.801980	  0.000000	  0.009901	  0.188119	

MOTIF HNF4A_3.GUERTIN HNF4A

letter-probability matrix: alength= 4 w= 15 nsites= 20 E= 0
  0.000000	  0.935484	  0.000000	  0.064516	
  0.000000	  0.161290	  0.000000	  0.838710	
  0.096774	  0.000000	  0.870968	  0.032258	
  0.032258	  0.774194	  0.064516	  0.129032	
  0.935484	  0.032258	  0.032258	  0.000000	
  0.000000	  0.741935	  0.032258	  0.225806	
  0.000000	  0.000000	  0.000000	  1.000000	
  0.000000	  0.870968	  0.064516	  0.064516	
  0.000000	  0.967742	  0.000000	  0.032258	
  0.967742	  0.000000	  0.000000	  0.032258	
  0.064516	  0.000000	  0.935484	  0.000000	
  0.000000	  1.000000	  0.000000	  0.000000	
  0.000000	  0.935484	  0.032258	  0.032258	
  0.000000	  0.000000	  0.032258	  0.967742	
  0.064516	  0.000000	  0.870968	  0.064516	

MOTIF HNF4A_4.GUERTIN HNF4A

letter-probability matrix: alength= 4 w= 19 nsites= 20 E= 0
  0.092308	  0.328205	  0.476923	  0.102564	
  0.287179	  0.205128	  0.405128	  0.102564	
  0.215385	  0.169231	  0.528205	  0.087179	
  0.189744	  0.015385	  0.728205	  0.066667	
  0.261538	  0.148718	  0.548718	  0.041026	
  0.353846	  0.020513	  0.589744	  0.035897	
  0.041026	  0.153846	  0.794872	  0.010256	
  0.000000	  0.615385	  0.384615	  0.000000	
  0.533333	  0.051282	  0.071795	  0.343590	
  0.102564	  0.015385	  0.882051	  0.000000	
  0.169231	  0.025641	  0.794872	  0.010256	
  0.205128	  0.000000	  0.753846	  0.041026	
  0.092308	  0.215385	  0.656410	  0.035897	
  0.261538	  0.179487	  0.400000	  0.158974	
  0.302564	  0.261538	  0.405128	  0.030769	
  0.200000	  0.056410	  0.702564	  0.041026	
  0.215385	  0.107692	  0.661538	  0.015385	
  0.287179	  0.061538	  0.610256	  0.041026	
  0.128205	  0.205128	  0.661538	  0.005128	

MOTIF HNF4.1_1.ZLAB HNF4

letter-probability matrix: alength= 4 w= 13 nsites= 20 E= 0
  0.089796	  0.032653	  0.804082	  0.073469	
  0.171429	  0.081633	  0.283673	  0.463265	
  0.128571	  0.367347	  0.222449	  0.281633	
  0.018367	  0.910204	  0.006122	  0.065306	
  0.934694	  0.018367	  0.028571	  0.018367	
  0.793878	  0.012245	  0.179592	  0.014286	
  0.904082	  0.002041	  0.093878	  0.000000	
  0.004082	  0.016327	  0.955102	  0.024490	
  0.042857	  0.016327	  0.169388	  0.771429	
  0.055102	  0.581633	  0.091837	  0.271429	
  0.022449	  0.891837	  0.008163	  0.077551	
  0.767347	  0.057143	  0.069388	  0.106122	
  0.271429	  0.187755	  0.365306	  0.175510	

MOTIF HNF4.1_2.ZLAB HNF4

letter-probability matrix: alength= 4 w= 7 nsites= 20 E= 0
  0.000000	  0.000000	  1.000000	  0.000000	
  0.000000	  0.345070	  0.000000	  0.654930	
  0.725352	  0.274648	  0.000000	  0.000000	
  1.000000	  0.000000	  0.000000	  0.000000	
  1.000000	  0.000000	  0.000000	  0.000000	
  0.000000	  0.725352	  0.000000	  0.274648	
  1.000000	  0.000000	  0.000000	  0.000000	

MOTIF HNF4.1_3.ZLAB HNF4

letter-probability matrix: alength= 4 w= 10 nsites= 20 E= 0
  0.000000	  1.000000	  0.000000	  0.000000	
  0.040462	  0.144509	  0.000000	  0.815029	
  0.000000	  0.398844	  0.190751	  0.410405	
  0.000000	  0.000000	  0.000000	  1.000000	
  0.000000	  0.000000	  1.000000	  0.000000	
  0.254335	  0.300578	  0.260116	  0.184971	
  0.254335	  0.537572	  0.000000	  0.208092	
  0.000000	  1.000000	  0.000000	  0.000000	
  0.132948	  0.439306	  0.000000	  0.427746	
  0.121387	  0.508671	  0.144509	  0.225434	

MOTIF HNF4.1_4.ZLAB HNF4

letter-probability matrix: alength= 4 w= 10 nsites= 20 E= 0
  0.333333	  0.172840	  0.493827	  0.000000	
  0.000000	  0.000000	  0.000000	  1.000000	
  0.000000	  0.000000	  0.000000	  1.000000	
  0.259259	  0.024691	  0.604938	  0.111111	
  0.160494	  0.000000	  0.246914	  0.592593	
  0.000000	  0.000000	  1.000000	  0.000000	
  0.259259	  0.506173	  0.000000	  0.234568	
  1.000000	  0.000000	  0.000000	  0.000000	
  1.000000	  0.000000	  0.000000	  0.000000	
  0.000000	  0.419753	  0.246914	  0.333333	

MOTIF HNF4.1_5.ZLAB HNF4

letter-probability matrix: alength= 4 w= 10 nsites= 20 E= 0
  0.326923	  0.019231	  0.653846	  0.000000	
  0.442308	  0.000000	  0.423077	  0.134615	
  0.000000	  0.000000	  1.000000	  0.000000	
  0.000000	  0.230769	  0.769231	  0.000000	
  0.461538	  0.000000	  0.000000	  0.538462	
  0.000000	  0.000000	  1.000000	  0.000000	
  0.000000	  0.000000	  1.000000	  0.000000	
  0.346154	  0.000000	  0.653846	  0.000000	
  0.000000	  0.000000	  1.000000	  0.000000	
  0.250000	  0.326923	  0.384615	  0.038462	

MOTIF Hnf4a.TF2DNA Hnf4a

letter-probability matrix: alength= 4 w= 7 nsites= 20 E= 0
  1.000000	  0.000000	  0.000000	  0.000000	
  0.116000	  0.033000	  0.781000	  0.070000	
  0.035000	  0.076000	  0.436000	  0.452000	
  0.033000	  0.129000	  0.000000	  0.838000	
  0.000000	  1.000000	  0.000000	  0.000000	
  1.000000	  0.000000	  0.000000	  0.000000	
  0.303000	  0.174000	  0.337000	  0.187000	

MOTIF HNF4A.SWISSREGULON HNF4A_NR2F1,2.p2

letter-probability matrix: alength= 4 w= 13 nsites= 20 E= 0
  0.096766	  0.044601	  0.821107	  0.037526	
  0.505066	  0.144259	  0.322590	  0.028084	
  0.286613	  0.611872	  0.029226	  0.072289	
  0.006475	  0.929633	  0.015553	  0.048338	
  0.009188	  0.169378	  0.002870	  0.818564	
  0.003716	  0.277234	  0.011442	  0.707608	
  0.018884	  0.045677	  0.014448	  0.920991	
  0.081009	  0.047054	  0.854373	  0.017564	
  0.363617	  0.312769	  0.257622	  0.065992	
  0.172719	  0.625068	  0.044459	  0.157754	
  0.047794	  0.879792	  0.016649	  0.055765	
  0.057222	  0.458410	  0.032715	  0.451653	
  0.033607	  0.340078	  0.187903	  0.438412	

MOTIF M4698_1.02.CIS-BP HNF4A

letter-probability matrix: alength= 4 w= 14 nsites= 20 E= 0
  0.140000	  0.065000	  0.065000	  0.730000	
  0.080000	  0.010000	  0.905000	  0.005000	
  0.380000	  0.100000	  0.500000	  0.020000	
  0.650000	  0.340000	  0.005000	  0.005000	
  0.020000	  0.970000	  0.010000	  0.000000	
  0.005000	  0.060000	  0.005000	  0.930000	
  0.000000	  0.135000	  0.000000	  0.865000	
  0.000000	  0.035000	  0.015000	  0.950000	
  0.085000	  0.005000	  0.900000	  0.010000	
  0.220000	  0.235000	  0.430000	  0.115000	
  0.375000	  0.370000	  0.080000	  0.175000	
  0.065000	  0.795000	  0.045000	  0.095000	
  0.140000	  0.385000	  0.005000	  0.470000	
  0.125000	  0.330000	  0.245000	  0.300000	

