MEME version 4.4

ALPHABET= ACGT

strands: + -

Background letter frequencies (from uniform background):
A 0.25000 C 0.25000 G 0.25000 T 0.25000 

MOTIF MA0083.2.JASPAR SRF

letter-probability matrix: alength= 4 w= 17 nsites= 20 E= 0
  0.446640	  0.195872	  0.145367	  0.212121	
  0.226175	  0.125165	  0.090470	  0.558191	
  0.118577	  0.112868	  0.439174	  0.329381	
  0.209486	  0.299078	  0.234080	  0.257356	
  0.021520	  0.941590	  0.000000	  0.036891	
  0.000000	  0.924462	  0.000000	  0.075538	
  0.776021	  0.028986	  0.010101	  0.184892	
  0.519982	  0.000000	  0.032060	  0.447958	
  0.977602	  0.000000	  0.007027	  0.015371	
  0.259113	  0.052701	  0.007027	  0.681159	
  0.899429	  0.005270	  0.022398	  0.072903	
  0.637681	  0.004392	  0.038208	  0.319719	
  0.029864	  0.000000	  0.970136	  0.000000	
  0.006588	  0.003074	  0.990338	  0.000000	
  0.267018	  0.379447	  0.193676	  0.159859	
  0.594203	  0.221344	  0.101010	  0.083443	
  0.570487	  0.078173	  0.202020	  0.149319	

MOTIF SRF_do.HOCOMOCO SRF

letter-probability matrix: alength= 4 w= 14 nsites= 20 E= 0
  0.009651	  0.937040	  0.033548	  0.019761	
  0.009651	  0.956801	  0.002298	  0.031250	
  0.528952	  0.027574	  0.007353	  0.436121	
  0.165441	  0.011489	  0.029871	  0.793199	
  0.785846	  0.009651	  0.056066	  0.148438	
  0.102941	  0.028493	  0.025735	  0.842831	
  0.686581	  0.035386	  0.026654	  0.251379	
  0.329963	  0.026195	  0.058824	  0.585018	
  0.053309	  0.002298	  0.937960	  0.006434	
  0.026195	  0.004596	  0.952665	  0.016544	
  0.176471	  0.179228	  0.494945	  0.149357	
  0.283548	  0.568474	  0.080882	  0.067096	
  0.709559	  0.029412	  0.122702	  0.138327	
  0.147059	  0.122702	  0.206801	  0.523438	

MOTIF SRF_disc1.POUR SRF_H1-hESC_encode-Myers_seq_hsa_r1:MDscan#2#Intergenic

letter-probability matrix: alength= 4 w= 9 nsites= 20 E= 0
  0.000000	  1.000000	  0.000000	  0.000000	
  0.495495	  0.000000	  0.000000	  0.504505	
  0.261261	  0.000000	  0.000000	  0.738739	
  1.000000	  0.000000	  0.000000	  0.000000	
  0.000000	  0.000000	  0.000000	  1.000000	
  0.729730	  0.000000	  0.000000	  0.270270	
  0.504505	  0.000000	  0.000000	  0.495495	
  0.000000	  0.000000	  1.000000	  0.000000	
  0.000000	  0.000000	  1.000000	  0.000000	

MOTIF SRF_disc2.POUR SRF_HepG2_encode-Myers_seq_hsa_v041610.1_r1:AlignACE#3#Intergenic

letter-probability matrix: alength= 4 w= 10 nsites= 20 E= 0
  0.303175	  0.206349	  0.200000	  0.290476	
  0.000000	  0.276190	  0.723810	  0.000000	
  0.219048	  0.304762	  0.447619	  0.028571	
  0.000000	  0.271429	  0.728571	  0.000000	
  0.000000	  0.490476	  0.509524	  0.000000	
  0.149206	  0.469841	  0.380952	  0.000000	
  0.260317	  0.371429	  0.326984	  0.041270	
  0.122222	  0.139683	  0.634920	  0.103175	
  0.000000	  0.280952	  0.719048	  0.000000	
  0.000000	  0.561905	  0.438095	  0.000000	

MOTIF SRF_DBD.JOLMA SRF

letter-probability matrix: alength= 4 w= 11 nsites= 20 E= 0
  0.002782	  0.997218	  0.000000	  0.000000	
  0.000000	  0.993075	  0.000000	  0.006925	
  0.835664	  0.005828	  0.025641	  0.132867	
  0.063969	  0.000000	  0.000000	  0.936031	
  0.978172	  0.004093	  0.002729	  0.015007	
  0.039947	  0.003995	  0.001332	  0.954727	
  0.890683	  0.001242	  0.000000	  0.108075	
  0.312672	  0.008264	  0.004132	  0.674931	
  0.005540	  0.001385	  0.993075	  0.000000	
  0.000000	  0.002778	  0.995833	  0.001389	
  0.235704	  0.407252	  0.073919	  0.283124	

MOTIF SRF_full.JOLMA SRF

letter-probability matrix: alength= 4 w= 15 nsites= 20 E= 0
  0.043029	  0.087206	  0.656340	  0.213425	
  0.404777	  0.394448	  0.092963	  0.107811	
  0.000000	  0.991601	  0.008399	  0.000000	
  0.001648	  0.981868	  0.006044	  0.010440	
  0.925142	  0.010578	  0.014646	  0.049634	
  0.033109	  0.000000	  0.003679	  0.963213	
  0.998283	  0.000000	  0.001717	  0.000000	
  0.000616	  0.003079	  0.004926	  0.991379	
  0.986418	  0.000000	  0.000000	  0.013582	
  0.287869	  0.007869	  0.000000	  0.704262	
  0.004182	  0.004705	  0.991113	  0.000000	
  0.004235	  0.001059	  0.991001	  0.003706	
  0.152060	  0.060940	  0.388857	  0.398143	
  0.213697	  0.648700	  0.091947	  0.045656	
  0.690620	  0.047655	  0.074130	  0.187595	

MOTIF UP00077_1.UNIPROBE Srf_primary

letter-probability matrix: alength= 4 w= 13 nsites= 20 E= 0
  0.313612	  0.160868	  0.157655	  0.367865	
  0.045064	  0.907180	  0.016800	  0.030956	
  0.014384	  0.812843	  0.008989	  0.163784	
  0.588620	  0.045312	  0.050206	  0.315862	
  0.311986	  0.011279	  0.009014	  0.667720	
  0.722441	  0.009493	  0.034334	  0.233732	
  0.233732	  0.034334	  0.009493	  0.722441	
  0.667720	  0.009014	  0.011279	  0.311986	
  0.345836	  0.030847	  0.019375	  0.603942	
  0.163784	  0.008989	  0.812843	  0.014384	
  0.030956	  0.016800	  0.907180	  0.045064	
  0.323024	  0.190478	  0.168762	  0.317736	
  0.635084	  0.145861	  0.097604	  0.121451	

MOTIF UP00077_2.UNIPROBE Srf_secondary

letter-probability matrix: alength= 4 w= 16 nsites= 20 E= 0
  0.151392	  0.200635	  0.205316	  0.442657	
  0.267215	  0.083669	  0.192498	  0.456618	
  0.332771	  0.180711	  0.200027	  0.286491	
  0.509370	  0.102954	  0.242569	  0.145107	
  0.666262	  0.077309	  0.154466	  0.101962	
  0.737968	  0.113335	  0.100401	  0.048296	
  0.658878	  0.141580	  0.134033	  0.065510	
  0.766115	  0.094051	  0.069763	  0.070072	
  0.755621	  0.088491	  0.044802	  0.111086	
  0.749083	  0.135917	  0.047510	  0.067490	
  0.663231	  0.176795	  0.028134	  0.131839	
  0.553358	  0.277659	  0.038655	  0.130328	
  0.392578	  0.314083	  0.209844	  0.083495	
  0.198462	  0.237132	  0.239466	  0.324940	
  0.275121	  0.210087	  0.194779	  0.320013	
  0.287748	  0.277395	  0.142704	  0.292154	

MOTIF UP00077.1.ZHAO2011 sci09.v1_Srf_3509

letter-probability matrix: alength= 4 w= 9 nsites= 20 E= 0
  0.256009	  0.243523	  0.220349	  0.280119	
  0.278759	  0.190633	  0.169076	  0.361532	
  0.285828	  0.203444	  0.178643	  0.332085	
  0.261513	  0.234273	  0.168424	  0.335790	
  0.224133	  0.284929	  0.185349	  0.305589	
  0.210961	  0.302377	  0.204727	  0.281935	
  0.227209	  0.253629	  0.280303	  0.238859	
  0.224259	  0.252851	  0.327930	  0.194961	
  0.266005	  0.271379	  0.271379	  0.191237	

MOTIF UP00077.2.ZHAO2011 sci09.v2_Srf_3509

letter-probability matrix: alength= 4 w= 9 nsites= 20 E= 0
  0.225278	  0.310236	  0.239208	  0.225278	
  0.244226	  0.239390	  0.267225	  0.249159	
  0.257427	  0.244872	  0.293166	  0.204535	
  0.271576	  0.199187	  0.240867	  0.288370	
  0.191456	  0.309407	  0.318830	  0.180307	
  0.331403	  0.181878	  0.279593	  0.207127	
  0.266672	  0.231833	  0.283162	  0.218333	
  0.196911	  0.276650	  0.217621	  0.308818	
  0.200493	  0.242446	  0.169149	  0.387912	

MOTIF SRF_ETS-DOMAIN.3DFOOTPRINT SRF

letter-probability matrix: alength= 4 w= 5 nsites= 20 E= 0
  0.000000	  0.000000	  1.000000	  0.000000	
  0.000000	  0.000000	  1.000000	  0.000000	
  1.000000	  0.000000	  0.000000	  0.000000	
  0.104167	  0.125000	  0.000000	  0.770833	
  0.104167	  0.125000	  0.666667	  0.104167	

MOTIF SRF_3.3DFOOTPRINT SRF

letter-probability matrix: alength= 4 w= 15 nsites= 20 E= 0
  0.000000	  0.000000	  1.000000	  0.000000	
  0.000000	  0.000000	  1.000000	  0.000000	
  1.000000	  0.000000	  0.000000	  0.000000	
  0.906250	  0.052083	  0.020833	  0.020833	
  0.250000	  0.250000	  0.250000	  0.250000	
  0.145833	  0.166667	  0.052083	  0.635417	
  0.000000	  1.000000	  0.000000	  0.000000	
  0.145833	  0.833333	  0.020833	  0.000000	
  0.052083	  0.083333	  0.083333	  0.781250	
  1.000000	  0.000000	  0.000000	  0.000000	
  0.833333	  0.083333	  0.000000	  0.083333	
  0.052083	  0.083333	  0.052083	  0.812500	
  0.000000	  0.000000	  0.000000	  1.000000	
  0.781250	  0.083333	  0.083333	  0.052083	
  0.000000	  0.000000	  1.000000	  0.000000	

MOTIF SRF_4.3DFOOTPRINT SRF

letter-probability matrix: alength= 4 w= 8 nsites= 20 E= 0
  0.000000	  0.000000	  0.000000	  1.000000	
  0.760417	  0.072917	  0.093750	  0.072917	
  0.000000	  0.000000	  1.000000	  0.000000	
  0.000000	  0.000000	  1.000000	  0.000000	
  0.760417	  0.072917	  0.093750	  0.072917	
  0.250000	  0.250000	  0.250000	  0.250000	
  0.250000	  0.250000	  0.250000	  0.250000	
  0.072917	  0.072917	  0.072917	  0.781250	

MOTIF SRF_5.3DFOOTPRINT SRF

letter-probability matrix: alength= 4 w= 15 nsites= 20 E= 0
  0.072917	  0.114583	  0.156250	  0.656250	
  1.000000	  0.000000	  0.000000	  0.000000	
  0.812500	  0.135417	  0.010417	  0.041667	
  0.156250	  0.041667	  0.010417	  0.791667	
  0.000000	  0.000000	  0.000000	  1.000000	
  0.937500	  0.010417	  0.010417	  0.041667	
  0.000000	  0.000000	  0.989583	  0.010417	
  0.000000	  0.187500	  0.812500	  0.000000	
  0.552083	  0.156250	  0.135417	  0.156250	
  0.250000	  0.250000	  0.250000	  0.250000	
  0.010417	  0.041667	  0.010417	  0.937500	
  0.000000	  0.000000	  0.000000	  1.000000	
  0.000000	  1.000000	  0.000000	  0.000000	
  0.000000	  1.000000	  0.000000	  0.000000	
  0.000000	  0.000000	  1.000000	  0.000000	

MOTIF SRF_6.3DFOOTPRINT SRF

letter-probability matrix: alength= 4 w= 5 nsites= 20 E= 0
  0.062500	  0.812500	  0.062500	  0.062500	
  0.000000	  1.000000	  0.000000	  0.000000	
  0.812500	  0.062500	  0.062500	  0.062500	
  0.062500	  0.062500	  0.062500	  0.812500	
  0.812500	  0.062500	  0.062500	  0.062500	

MOTIF SRF_1.3DFOOTPRINT SRF

letter-probability matrix: alength= 4 w= 9 nsites= 20 E= 0
  0.000000	  0.937500	  0.010417	  0.052083	
  0.072917	  0.104167	  0.052083	  0.770833	
  1.000000	  0.000000	  0.000000	  0.000000	
  0.750000	  0.093750	  0.052083	  0.104167	
  0.135417	  0.197917	  0.031250	  0.635417	
  0.052083	  0.000000	  0.031250	  0.916667	
  0.812500	  0.052083	  0.031250	  0.104167	
  0.000000	  0.000000	  1.000000	  0.000000	
  0.000000	  0.000000	  1.000000	  0.000000	

MOTIF SRF_2.3DFOOTPRINT SRF

letter-probability matrix: alength= 4 w= 5 nsites= 20 E= 0
  0.000000	  0.000000	  0.000000	  1.000000	
  0.781250	  0.093750	  0.062500	  0.062500	
  0.000000	  0.000000	  1.000000	  0.000000	
  0.093750	  0.062500	  0.781250	  0.062500	
  0.135417	  0.708333	  0.062500	  0.093750	

MOTIF SRF_1.GUERTIN SRF

letter-probability matrix: alength= 4 w= 15 nsites= 20 E= 0
  0.121406	  0.118211	  0.591054	  0.169329	
  0.341853	  0.223642	  0.217252	  0.217252	
  0.000000	  0.961661	  0.015974	  0.022364	
  0.012780	  0.923323	  0.000000	  0.063898	
  0.709265	  0.028754	  0.025559	  0.236422	
  0.303514	  0.009585	  0.054313	  0.632588	
  0.948882	  0.006390	  0.041534	  0.003195	
  0.233227	  0.035144	  0.006390	  0.725240	
  0.948882	  0.003195	  0.012780	  0.035144	
  0.638978	  0.000000	  0.137380	  0.223642	
  0.044728	  0.000000	  0.955272	  0.000000	
  0.000000	  0.000000	  1.000000	  0.000000	
  0.226837	  0.306709	  0.210863	  0.255591	
  0.619808	  0.230032	  0.108626	  0.041534	
  0.651757	  0.067093	  0.185304	  0.095847	

MOTIF SRF_2.GUERTIN SRF

letter-probability matrix: alength= 4 w= 19 nsites= 20 E= 0
  0.066667	  0.066667	  0.000000	  0.866667	
  0.066667	  0.000000	  0.000000	  0.933333	
  0.000000	  0.133333	  0.033333	  0.833333	
  1.000000	  0.000000	  0.000000	  0.000000	
  0.033333	  0.866667	  0.033333	  0.066667	
  0.966667	  0.000000	  0.000000	  0.033333	
  0.800000	  0.000000	  0.200000	  0.000000	
  0.966667	  0.000000	  0.000000	  0.033333	
  0.000000	  0.133333	  0.033333	  0.833333	
  0.033333	  0.066667	  0.900000	  0.000000	
  0.000000	  0.966667	  0.000000	  0.033333	
  0.000000	  1.000000	  0.000000	  0.000000	
  0.966667	  0.000000	  0.033333	  0.000000	
  0.000000	  0.133333	  0.000000	  0.866667	
  0.133333	  0.000000	  0.800000	  0.066667	
  0.033333	  0.033333	  0.933333	  0.000000	
  0.100000	  0.833333	  0.033333	  0.033333	
  1.000000	  0.000000	  0.000000	  0.000000	
  0.933333	  0.066667	  0.000000	  0.000000	

MOTIF SRF_3.GUERTIN SRF

letter-probability matrix: alength= 4 w= 6 nsites= 20 E= 0
  0.529540	  0.470460	  0.000000	  0.000000	
  0.000000	  0.000000	  1.000000	  0.000000	
  0.000000	  0.000000	  1.000000	  0.000000	
  1.000000	  0.000000	  0.000000	  0.000000	
  1.000000	  0.000000	  0.000000	  0.000000	
  0.249453	  0.000000	  0.750547	  0.000000	

MOTIF SRF_4.GUERTIN SRF

letter-probability matrix: alength= 4 w= 19 nsites= 20 E= 0
  0.038462	  0.115385	  0.807692	  0.038462	
  0.000000	  0.115385	  0.846154	  0.038462	
  0.038462	  0.923077	  0.000000	  0.038462	
  1.000000	  0.000000	  0.000000	  0.000000	
  0.000000	  0.038462	  0.961538	  0.000000	
  0.769231	  0.192308	  0.038462	  0.000000	
  0.000000	  1.000000	  0.000000	  0.000000	
  1.000000	  0.000000	  0.000000	  0.000000	
  0.000000	  0.153846	  0.000000	  0.846154	
  0.115385	  0.269231	  0.115385	  0.500000	
  0.846154	  0.000000	  0.153846	  0.000000	
  0.000000	  0.923077	  0.038462	  0.038462	
  0.000000	  0.230769	  0.000000	  0.769231	
  0.961538	  0.038462	  0.000000	  0.000000	
  0.884615	  0.000000	  0.115385	  0.000000	
  0.038462	  0.000000	  0.115385	  0.846154	
  0.115385	  0.692308	  0.115385	  0.076923	
  0.538462	  0.000000	  0.461538	  0.000000	
  1.000000	  0.000000	  0.000000	  0.000000	

MOTIF SRF.1_1.ZLAB SRF

letter-probability matrix: alength= 4 w= 13 nsites= 20 E= 0
  0.074359	  0.125641	  0.030769	  0.769231	
  0.020513	  0.082051	  0.256410	  0.641026	
  0.187179	  0.169231	  0.364103	  0.279487	
  0.000000	  1.000000	  0.000000	  0.000000	
  0.000000	  0.987179	  0.000000	  0.012821	
  0.207692	  0.035897	  0.000000	  0.756410	
  0.066667	  0.000000	  0.000000	  0.933333	
  0.843590	  0.010256	  0.038462	  0.107692	
  0.030769	  0.010256	  0.000000	  0.958974	
  0.579487	  0.000000	  0.002564	  0.417949	
  0.202564	  0.007692	  0.007692	  0.782051	
  0.025641	  0.000000	  0.974359	  0.000000	
  0.000000	  0.002564	  0.997436	  0.000000	

MOTIF SRF.1_2.ZLAB SRF

letter-probability matrix: alength= 4 w= 29 nsites= 20 E= 0
  0.173913	  0.434783	  0.347826	  0.043478	
  0.869565	  0.043478	  0.043478	  0.043478	
  0.086957	  0.000000	  0.913043	  0.000000	
  0.913043	  0.000000	  0.086957	  0.000000	
  1.000000	  0.000000	  0.000000	  0.000000	
  1.000000	  0.000000	  0.000000	  0.000000	
  0.000000	  0.260870	  0.086957	  0.652174	
  0.478261	  0.391304	  0.000000	  0.130435	
  0.565217	  0.000000	  0.434783	  0.000000	
  0.000000	  0.826087	  0.043478	  0.130435	
  0.000000	  0.608696	  0.000000	  0.391304	
  0.043478	  0.043478	  0.086957	  0.826087	
  0.130435	  0.000000	  0.869565	  0.000000	
  0.956522	  0.043478	  0.000000	  0.000000	
  0.043478	  0.086957	  0.000000	  0.869565	
  0.043478	  0.043478	  0.000000	  0.913043	
  0.086957	  0.000000	  0.913043	  0.000000	
  0.043478	  0.043478	  0.913043	  0.000000	
  0.000000	  0.521739	  0.000000	  0.478261	
  0.000000	  0.086957	  0.043478	  0.869565	
  0.826087	  0.043478	  0.086957	  0.043478	
  0.000000	  0.869565	  0.000000	  0.130435	
  0.869565	  0.086957	  0.043478	  0.000000	
  0.043478	  0.043478	  0.913043	  0.000000	
  0.000000	  0.782609	  0.043478	  0.173913	
  0.173913	  0.086957	  0.043478	  0.695652	
  0.478261	  0.217391	  0.130435	  0.173913	
  0.260870	  0.043478	  0.652174	  0.043478	
  0.043478	  0.000000	  0.913043	  0.043478	

MOTIF SRF.1_3.ZLAB SRF

letter-probability matrix: alength= 4 w= 20 nsites= 20 E= 0
  0.000000	  0.000000	  0.000000	  1.000000	
  0.052632	  0.052632	  0.894737	  0.000000	
  0.000000	  0.947368	  0.000000	  0.052632	
  0.000000	  0.947368	  0.000000	  0.052632	
  1.000000	  0.000000	  0.000000	  0.000000	
  0.000000	  0.000000	  0.000000	  1.000000	
  0.000000	  0.000000	  1.000000	  0.000000	
  0.000000	  0.000000	  1.000000	  0.000000	
  0.000000	  0.947368	  0.052632	  0.000000	
  0.947368	  0.000000	  0.000000	  0.052632	
  0.000000	  0.000000	  0.000000	  1.000000	
  0.000000	  0.105263	  0.000000	  0.894737	
  0.000000	  0.000000	  0.000000	  1.000000	
  0.052632	  0.000000	  0.947368	  0.000000	
  0.000000	  0.000000	  0.000000	  1.000000	
  1.000000	  0.000000	  0.000000	  0.000000	
  0.947368	  0.052632	  0.000000	  0.000000	
  1.000000	  0.000000	  0.000000	  0.000000	
  0.000000	  0.947368	  0.000000	  0.052632	
  0.052632	  0.052632	  0.000000	  0.894737	

MOTIF SRF.1_4.ZLAB SRF

letter-probability matrix: alength= 4 w= 28 nsites= 20 E= 0
  1.000000	  0.000000	  0.000000	  0.000000	
  1.000000	  0.000000	  0.000000	  0.000000	
  0.000000	  0.000000	  0.000000	  1.000000	
  0.000000	  0.000000	  1.000000	  0.000000	
  0.000000	  0.071429	  0.000000	  0.928571	
  0.071429	  0.000000	  0.928571	  0.000000	
  1.000000	  0.000000	  0.000000	  0.000000	
  0.000000	  0.000000	  1.000000	  0.000000	
  0.000000	  1.000000	  0.000000	  0.000000	
  0.000000	  0.000000	  0.000000	  1.000000	
  0.142857	  0.000000	  0.857143	  0.000000	
  0.000000	  0.000000	  0.928571	  0.071429	
  0.000000	  0.000000	  0.000000	  1.000000	
  0.928571	  0.000000	  0.071429	  0.000000	
  0.000000	  0.928571	  0.000000	  0.071429	
  0.000000	  0.000000	  0.000000	  1.000000	
  0.000000	  0.000000	  1.000000	  0.000000	
  1.000000	  0.000000	  0.000000	  0.000000	
  0.000000	  0.000000	  0.000000	  1.000000	
  1.000000	  0.000000	  0.000000	  0.000000	
  1.000000	  0.000000	  0.000000	  0.000000	
  0.000000	  0.642857	  0.285714	  0.071429	
  0.214286	  0.357143	  0.428571	  0.000000	
  0.000000	  1.000000	  0.000000	  0.000000	
  0.142857	  0.500000	  0.000000	  0.357143	
  0.071429	  0.071429	  0.142857	  0.714286	
  0.000000	  0.214286	  0.714286	  0.071429	
  0.142857	  0.000000	  0.642857	  0.214286	

MOTIF SRF.1_5.ZLAB SRF

letter-probability matrix: alength= 4 w= 18 nsites= 20 E= 0
  0.000000	  0.000000	  0.000000	  1.000000	
  0.034483	  0.034483	  0.862069	  0.068966	
  0.931034	  0.034483	  0.034483	  0.000000	
  0.068966	  0.000000	  0.034483	  0.896552	
  0.034483	  0.689655	  0.206897	  0.068966	
  0.965517	  0.000000	  0.000000	  0.034483	
  0.034483	  0.000000	  0.862069	  0.103448	
  0.000000	  0.172414	  0.068966	  0.758621	
  0.000000	  0.034483	  0.034483	  0.931034	
  0.172414	  0.000000	  0.793103	  0.034483	
  0.206897	  0.034483	  0.724138	  0.034483	
  0.068966	  0.896552	  0.000000	  0.034483	
  0.586207	  0.000000	  0.034483	  0.379310	
  0.034483	  0.000000	  0.862069	  0.103448	
  0.000000	  0.896552	  0.000000	  0.103448	
  0.000000	  0.827586	  0.000000	  0.172414	
  0.034483	  0.000000	  0.034483	  0.931034	
  0.034483	  0.000000	  0.965517	  0.000000	

MOTIF Srf.TF2DNA Srf

letter-probability matrix: alength= 4 w= 7 nsites= 20 E= 0
  0.815000	  0.065000	  0.077000	  0.043000	
  0.979000	  0.010000	  0.000000	  0.011000	
  0.863000	  0.041000	  0.000000	  0.095000	
  0.020000	  0.010000	  0.000000	  0.970000	
  0.253000	  0.687000	  0.000000	  0.060000	
  0.559000	  0.228000	  0.202000	  0.011000	
  0.735000	  0.000000	  0.000000	  0.265000	

MOTIF SRF.SWISSREGULON SRF.p3

letter-probability matrix: alength= 4 w= 11 nsites= 20 E= 0
  0.106859	  0.432303	  0.318083	  0.142755	
  0.010759	  0.982223	  0.007018	  0.000000	
  0.000000	  0.905108	  0.000000	  0.094892	
  0.802727	  0.024210	  0.000000	  0.173064	
  0.553487	  0.000000	  0.000000	  0.446513	
  0.965100	  0.000000	  0.005338	  0.029562	
  0.170774	  0.056098	  0.000000	  0.773128	
  0.964180	  0.007535	  0.000000	  0.028285	
  0.617082	  0.043005	  0.044777	  0.295136	
  0.031441	  0.000000	  0.968559	  0.000000	
  0.000000	  0.000000	  0.987325	  0.012675	

MOTIF M4477_1.02.CIS-BP SRF

letter-probability matrix: alength= 4 w= 18 nsites= 20 E= 0
  0.171053	  0.338816	  0.154605	  0.335526	
  0.444079	  0.174342	  0.210526	  0.171053	
  0.233553	  0.131579	  0.082237	  0.552631	
  0.141447	  0.108553	  0.519737	  0.230263	
  0.233553	  0.286184	  0.302632	  0.177632	
  0.023026	  0.950659	  0.016447	  0.009868	
  0.003289	  0.934211	  0.000000	  0.062500	
  0.756579	  0.055921	  0.006579	  0.180921	
  0.483553	  0.006579	  0.026316	  0.483553	
  0.950658	  0.000000	  0.042763	  0.006579	
  0.299342	  0.078947	  0.026316	  0.595395	
  0.888158	  0.013158	  0.019737	  0.078947	
  0.644736	  0.013158	  0.052632	  0.289474	
  0.032895	  0.000000	  0.967105	  0.000000	
  0.016447	  0.003289	  0.973685	  0.006579	
  0.226974	  0.424342	  0.184211	  0.164474	
  0.450658	  0.302632	  0.154605	  0.092105	
  0.555920	  0.095395	  0.164474	  0.184211	

