MEME version 4.4

ALPHABET= ACGT

strands: + -

Background letter frequencies (from uniform background):
A 0.25000 C 0.25000 G 0.25000 T 0.25000 

MOTIF ETS1_si.HOCOMOCO ETS1

letter-probability matrix: alength= 4 w= 8 nsites= 20 E= 0
  0.149660	  0.612245	  0.231293	  0.006803	
  0.551020	  0.387755	  0.034014	  0.027211	
  0.000000	  0.000000	  1.000000	  0.000000	
  0.000000	  0.006803	  0.993197	  0.000000	
  1.000000	  0.000000	  0.000000	  0.000000	
  0.687075	  0.020408	  0.034014	  0.258503	
  0.231293	  0.068027	  0.666667	  0.034014	
  0.142857	  0.217687	  0.047619	  0.591837	

MOTIF ETS1.HOMER Jurkat-ETS1-ChIP-Seq

letter-probability matrix: alength= 4 w= 9 nsites= 20 E= 0
  0.093000	  0.721000	  0.181000	  0.004000	
  0.719000	  0.272000	  0.008000	  0.001000	
  0.001000	  0.001000	  0.997000	  0.001000	
  0.001000	  0.001000	  0.997000	  0.001000	
  0.997000	  0.001000	  0.001000	  0.001000	
  0.869000	  0.001000	  0.001000	  0.129000	
  0.116000	  0.001000	  0.882000	  0.001000	
  0.024000	  0.137000	  0.001000	  0.838000	
  0.112000	  0.128000	  0.654000	  0.106000	

MOTIF Ets1-distal.HOMER CD4+-PolII-ChIP-Seq

letter-probability matrix: alength= 4 w= 9 nsites= 20 E= 0
  0.864000	  0.001000	  0.079000	  0.056000	
  0.001000	  0.859000	  0.093000	  0.047000	
  0.967000	  0.031000	  0.001000	  0.001000	
  0.001000	  0.001000	  0.997000	  0.001000	
  0.001000	  0.001000	  0.997000	  0.001000	
  0.976000	  0.001000	  0.001000	  0.022000	
  0.821000	  0.001000	  0.001000	  0.177000	
  0.262000	  0.001000	  0.736000	  0.001000	
  0.002000	  0.254000	  0.030000	  0.713000	

MOTIF ETS.HOMER Promoter

letter-probability matrix: alength= 4 w= 9 nsites= 20 E= 0
  0.499000	  0.210000	  0.246000	  0.045000	
  0.034000	  0.788000	  0.159000	  0.019000	
  0.086000	  0.895000	  0.005000	  0.014000	
  0.006000	  0.003000	  0.990000	  0.002000	
  0.012000	  0.003000	  0.983000	  0.003000	
  0.990000	  0.005000	  0.002000	  0.003000	
  0.978000	  0.007000	  0.003000	  0.012000	
  0.049000	  0.022000	  0.923000	  0.006000	
  0.040000	  0.157000	  0.016000	  0.787000	

MOTIF ETS_disc1.POUR ETS1_K562_encode-Myers_seq_hsa_v041610.1_r1:Trawler#1#Intergenic

letter-probability matrix: alength= 4 w= 13 nsites= 20 E= 0
  1.000000	  0.000000	  0.000000	  0.000000	
  0.000000	  1.000000	  0.000000	  0.000000	
  0.000000	  0.000000	  0.000000	  1.000000	
  1.000000	  0.000000	  0.000000	  0.000000	
  0.000000	  1.000000	  0.000000	  0.000000	
  1.000000	  0.000000	  0.000000	  0.000000	
  0.862745	  0.078431	  0.058824	  0.000000	
  0.137255	  0.549020	  0.078431	  0.235294	
  0.000000	  0.117647	  0.019608	  0.862745	
  0.058824	  0.882353	  0.000000	  0.058824	
  0.019608	  0.941176	  0.019608	  0.019608	
  0.019608	  0.921569	  0.039216	  0.019608	
  0.705882	  0.000000	  0.254902	  0.039216	

MOTIF ETS_disc2.POUR GABPA_H1-hESC_encode-Myers_seq_hsa_r1:MDscan#1#Intergenic

letter-probability matrix: alength= 4 w= 9 nsites= 20 E= 0
  0.974619	  0.000000	  0.025381	  0.000000	
  0.000000	  0.964467	  0.000000	  0.035533	
  0.025381	  0.000000	  0.000000	  0.974619	
  0.000000	  0.000000	  0.000000	  1.000000	
  0.000000	  1.000000	  0.000000	  0.000000	
  0.000000	  1.000000	  0.000000	  0.000000	
  0.000000	  0.000000	  0.944162	  0.055838	
  0.000000	  0.197970	  0.736040	  0.065990	
  0.000000	  0.385787	  0.157360	  0.456853	

MOTIF ETS_disc3.POUR ETS1_GM12878_encode-Myers_seq_hsa_r1:MDscan#3#Intergenic

letter-probability matrix: alength= 4 w= 9 nsites= 20 E= 0
  0.208333	  0.741667	  0.050000	  0.000000	
  0.000000	  0.000000	  0.000000	  1.000000	
  0.000000	  1.000000	  0.000000	  0.000000	
  0.000000	  0.000000	  0.975000	  0.025000	
  0.000000	  1.000000	  0.000000	  0.000000	
  0.000000	  0.000000	  1.000000	  0.000000	
  1.000000	  0.000000	  0.000000	  0.000000	
  0.000000	  0.050000	  0.775000	  0.175000	
  1.000000	  0.000000	  0.000000	  0.000000	

MOTIF ETS_disc4.POUR GABPA_HepG2_encode-Myers_seq_hsa_PCR2x_r1:Trawler#3#Intergenic

letter-probability matrix: alength= 4 w= 9 nsites= 20 E= 0
  1.000000	  0.000000	  0.000000	  0.000000	
  0.000000	  1.000000	  0.000000	  0.000000	
  0.000000	  1.000000	  0.000000	  0.000000	
  0.000000	  0.130952	  0.869048	  0.000000	
  0.095238	  0.083333	  0.785714	  0.035714	
  0.583333	  0.119048	  0.238095	  0.059524	
  0.761905	  0.154762	  0.000000	  0.083333	
  0.273810	  0.142857	  0.511905	  0.071429	
  0.154762	  0.404762	  0.190476	  0.250000	

MOTIF ETS_disc5.POUR ETS1_K562_encode-Myers_seq_hsa_v041610.1_r1:Weeder#2#Intergenic

letter-probability matrix: alength= 4 w= 7 nsites= 20 E= 0
  0.045307	  0.045307	  0.818770	  0.090615	
  0.820388	  0.053398	  0.084142	  0.042071	
  0.103560	  0.080906	  0.768608	  0.046926	
  0.074434	  0.144013	  0.122977	  0.658576	
  0.046926	  0.090615	  0.069579	  0.792880	
  0.016181	  0.108414	  0.823625	  0.051780	
  0.050162	  0.084142	  0.111650	  0.754045	

MOTIF ETS_disc6.POUR ETS1_GM12878_encode-Myers_seq_hsa_r1:Trawler#3#Intergenic

letter-probability matrix: alength= 4 w= 9 nsites= 20 E= 0
  1.000000	  0.000000	  0.000000	  0.000000	
  1.000000	  0.000000	  0.000000	  0.000000	
  0.116279	  0.186047	  0.023256	  0.674419	
  0.139535	  0.767442	  0.046512	  0.046512	
  0.069767	  0.232558	  0.093023	  0.604651	
  0.023256	  0.976744	  0.000000	  0.000000	
  0.000000	  0.000000	  1.000000	  0.000000	
  0.023256	  0.674419	  0.139535	  0.162791	
  0.023256	  0.186047	  0.744186	  0.046512	

MOTIF ETS_disc7.POUR ETS1_GM12878_encode-Myers_seq_hsa_r1:AlignACE#2#Intergenic

letter-probability matrix: alength= 4 w= 13 nsites= 20 E= 0
  0.000000	  0.221118	  0.778882	  0.000000	
  0.095652	  0.200000	  0.704348	  0.000000	
  0.463354	  0.217391	  0.319255	  0.000000	
  0.268323	  0.237267	  0.340373	  0.154037	
  0.223602	  0.275776	  0.272050	  0.228571	
  0.187578	  0.211180	  0.259627	  0.341615	
  0.000000	  0.150311	  0.849689	  0.000000	
  0.206211	  0.270807	  0.218634	  0.304348	
  0.472050	  0.159006	  0.368944	  0.000000	
  0.000000	  0.139130	  0.860870	  0.000000	
  0.009938	  0.325466	  0.279503	  0.385093	
  0.000000	  0.436025	  0.313043	  0.250932	
  0.019876	  0.486957	  0.291925	  0.201242	

MOTIF ETS_disc8.POUR GABPA_H1-hESC_encode-Myers_seq_hsa_r1:Trawler#1#Intergenic

letter-probability matrix: alength= 4 w= 7 nsites= 20 E= 0
  1.000000	  0.000000	  0.000000	  0.000000	
  0.000000	  1.000000	  0.000000	  0.000000	
  0.000000	  0.000000	  1.000000	  0.000000	
  0.000000	  0.000000	  1.000000	  0.000000	
  0.722222	  0.277778	  0.000000	  0.000000	
  0.555556	  0.361111	  0.000000	  0.083333	
  0.222222	  0.277778	  0.361111	  0.138889	

MOTIF ETS_disc9.POUR GABPA_K562_encode-Myers_seq_hsa_v041610.1_r1:AlignACE#2#Intergenic

letter-probability matrix: alength= 4 w= 11 nsites= 20 E= 0
  0.265003	  0.278075	  0.232323	  0.224599	
  0.117053	  0.205585	  0.658348	  0.019014	
  0.081996	  0.366607	  0.534166	  0.017231	
  0.168152	  0.345217	  0.486631	  0.000000	
  0.100416	  0.202020	  0.697564	  0.000000	
  0.017231	  0.277481	  0.705288	  0.000000	
  0.270945	  0.381462	  0.331551	  0.016043	
  0.248960	  0.297683	  0.452763	  0.000594	
  0.000000	  0.089721	  0.910279	  0.000000	
  0.250149	  0.269756	  0.248960	  0.231135	
  0.006536	  0.270945	  0.722519	  0.000000	

MOTIF ETS1_DBD_1.JOLMA ETS1

letter-probability matrix: alength= 4 w= 9 nsites= 20 E= 0
  0.056568	  0.843180	  0.093338	  0.006914	
  0.136437	  0.861316	  0.002247	  0.000000	
  0.000000	  0.007766	  0.992234	  0.000000	
  0.000000	  0.000000	  0.995547	  0.004453	
  1.000000	  0.000000	  0.000000	  0.000000	
  0.738711	  0.002478	  0.008535	  0.250275	
  0.405893	  0.007735	  0.581952	  0.004420	
  0.030743	  0.245941	  0.042832	  0.680484	
  0.299292	  0.149460	  0.403653	  0.147596	

MOTIF ETS1_DBD_2.JOLMA ETS1

letter-probability matrix: alength= 4 w= 17 nsites= 20 E= 0
  0.121338	  0.707266	  0.161476	  0.009919	
  0.238572	  0.749450	  0.011489	  0.000489	
  0.000326	  0.000326	  0.999022	  0.000326	
  0.000326	  0.000652	  0.999022	  0.000000	
  0.992554	  0.002590	  0.003237	  0.001619	
  0.605084	  0.046187	  0.003100	  0.345629	
  0.306318	  0.017230	  0.672304	  0.004148	
  0.009910	  0.364819	  0.040260	  0.585011	
  0.566978	  0.035202	  0.388162	  0.009657	
  0.009407	  0.717153	  0.028849	  0.244591	
  0.506888	  0.007514	  0.032561	  0.453037	
  0.032889	  0.005585	  0.010239	  0.951288	
  0.006435	  0.986486	  0.004505	  0.002574	
  0.003234	  0.991591	  0.003234	  0.001940	
  0.003764	  0.019573	  0.769385	  0.207277	
  0.033371	  0.243838	  0.581342	  0.141449	
  0.149706	  0.224070	  0.099478	  0.526745	

MOTIF ETS1_full_1.JOLMA ETS1

letter-probability matrix: alength= 4 w= 9 nsites= 20 E= 0
  0.078411	  0.841069	  0.073136	  0.007384	
  0.115510	  0.868870	  0.015619	  0.000000	
  0.000000	  0.000000	  1.000000	  0.000000	
  0.000000	  0.002914	  0.995837	  0.001249	
  0.994595	  0.002079	  0.003326	  0.000000	
  0.680512	  0.038122	  0.001991	  0.279374	
  0.462158	  0.033816	  0.500805	  0.003221	
  0.044513	  0.361090	  0.037606	  0.556792	
  0.289837	  0.211209	  0.341698	  0.157256	

MOTIF ETS1_full_2.JOLMA ETS1

letter-probability matrix: alength= 4 w= 17 nsites= 20 E= 0
  0.038859	  0.939990	  0.020659	  0.000492	
  0.131658	  0.866834	  0.001508	  0.000000	
  0.001706	  0.000000	  0.998294	  0.000000	
  0.000290	  0.000000	  0.999710	  0.000000	
  0.984897	  0.000000	  0.005492	  0.009611	
  0.421277	  0.003482	  0.000387	  0.574855	
  0.135791	  0.000630	  0.857278	  0.006301	
  0.003465	  0.207900	  0.107415	  0.681220	
  0.610701	  0.265683	  0.123155	  0.000461	
  0.001038	  0.928349	  0.001558	  0.069055	
  0.132921	  0.001457	  0.000000	  0.865623	
  0.002483	  0.000355	  0.000000	  0.997162	
  0.001079	  0.998921	  0.000000	  0.000000	
  0.000540	  0.997300	  0.001080	  0.001080	
  0.006684	  0.020856	  0.904545	  0.067914	
  0.016906	  0.154973	  0.684418	  0.143702	
  0.192129	  0.326703	  0.132882	  0.348286	

MOTIF h-ETS1.WEIHUMAN ETS1

letter-probability matrix: alength= 4 w= 9 nsites= 20 E= 0
  0.110000	  0.680000	  0.180000	  0.030000	
  0.230000	  0.740000	  0.030000	  0.000000	
  0.000000	  0.000000	  1.000000	  0.000000	
  0.000000	  0.000000	  1.000000	  0.000000	
  0.990000	  0.000000	  0.000000	  0.010000	
  0.590000	  0.030000	  0.010000	  0.370000	
  0.300000	  0.020000	  0.660000	  0.020000	
  0.040000	  0.260000	  0.060000	  0.640000	
  0.250000	  0.200000	  0.310000	  0.240000	

MOTIF h-ETS1.WEIMOUSE ETS1

letter-probability matrix: alength= 4 w= 9 nsites= 20 E= 0
  0.090000	  0.740000	  0.150000	  0.020000	
  0.170000	  0.810000	  0.020000	  0.000000	
  0.000000	  0.000000	  1.000000	  0.000000	
  0.000000	  0.000000	  1.000000	  0.000000	
  0.990000	  0.000000	  0.010000	  0.000000	
  0.600000	  0.040000	  0.010000	  0.350000	
  0.320000	  0.030000	  0.630000	  0.020000	
  0.060000	  0.420000	  0.060000	  0.460000	
  0.316832	  0.188119	  0.297030	  0.198020	

MOTIF m-ETS1.WEIMOUSE ETS1

letter-probability matrix: alength= 4 w= 9 nsites= 20 E= 0
  0.020000	  0.920000	  0.060000	  0.000000	
  0.140000	  0.860000	  0.000000	  0.000000	
  0.000000	  0.000000	  1.000000	  0.000000	
  0.000000	  0.000000	  1.000000	  0.000000	
  0.990000	  0.000000	  0.000000	  0.010000	
  0.811881	  0.019802	  0.000000	  0.168317	
  0.373737	  0.010101	  0.616162	  0.000000	
  0.120000	  0.190000	  0.030000	  0.660000	
  0.360000	  0.230000	  0.210000	  0.200000	

MOTIF UP00414.1.ZHAO2011 embo10_Ets1_deBruijn

letter-probability matrix: alength= 4 w= 19 nsites= 20 E= 0
  0.062658	  0.467638	  0.094415	  0.375289	
  0.331664	  0.028054	  0.098901	  0.541381	
  0.032487	  0.011951	  0.001392	  0.954170	
  0.010394	  0.964091	  0.003291	  0.022224	
  0.010676	  0.951489	  0.003090	  0.034745	
  0.024101	  0.099709	  0.591258	  0.284932	
  0.091791	  0.234982	  0.482755	  0.190473	
  0.164924	  0.269207	  0.168255	  0.397614	
  0.235469	  0.255080	  0.233126	  0.276325	
  0.429944	  0.132935	  0.338395	  0.098726	
  0.291133	  0.302838	  0.249176	  0.156853	
  0.519366	  0.131216	  0.038333	  0.311085	
  0.000000	  0.000000	  1.000000	  0.000000	
  1.000000	  0.000000	  0.000000	  0.000000	
  0.000000	  0.000000	  0.000000	  1.000000	
  0.800030	  0.004301	  0.054299	  0.141370	
  0.899889	  0.007297	  0.081524	  0.011291	
  0.223632	  0.119160	  0.552432	  0.104777	
  0.192221	  0.255253	  0.406822	  0.145704

MOTIF ETS-1.3DFOOTPRINT ETS-1

letter-probability matrix: alength= 4 w= 14 nsites= 20 E= 0
  0.000000	  0.000000	  1.000000	  0.000000	
  0.125000	  0.000000	  0.875000	  0.000000	
  0.250000	  0.250000	  0.250000	  0.250000	
  0.250000	  0.250000	  0.250000	  0.250000	
  0.250000	  0.250000	  0.250000	  0.250000	
  0.250000	  0.250000	  0.250000	  0.250000	
  0.250000	  0.250000	  0.250000	  0.250000	
  0.250000	  0.250000	  0.250000	  0.250000	
  0.250000	  0.250000	  0.250000	  0.250000	
  0.250000	  0.250000	  0.250000	  0.250000	
  0.125000	  0.125000	  0.125000	  0.625000	
  0.000000	  1.000000	  0.000000	  0.000000	
  0.000000	  1.000000	  0.000000	  0.000000	
  0.000000	  0.000000	  1.000000	  0.000000	

MOTIF ETS1_1.3DFOOTPRINT ETS1

letter-probability matrix: alength= 4 w= 3 nsites= 20 E= 0
  0.000000	  1.000000	  0.000000	  0.000000	
  0.072917	  0.072917	  0.770833	  0.083333	
  0.104167	  0.135417	  0.656250	  0.104167	

MOTIF C-ets1_1.3DFOOTPRINT C-ets1

letter-probability matrix: alength= 4 w= 13 nsites= 20 E= 0
  0.000000	  0.000000	  1.000000	  0.000000	
  0.000000	  0.000000	  1.000000	  0.000000	
  1.000000	  0.000000	  0.000000	  0.000000	
  0.875000	  0.041667	  0.041667	  0.041667	
  0.093750	  0.041667	  0.791667	  0.072917	
  0.250000	  0.250000	  0.250000	  0.250000	
  0.250000	  0.250000	  0.250000	  0.250000	
  0.041667	  0.791667	  0.093750	  0.072917	
  0.041667	  0.114583	  0.093750	  0.750000	
  0.000000	  0.000000	  0.000000	  1.000000	
  0.000000	  1.000000	  0.000000	  0.000000	
  0.000000	  1.000000	  0.000000	  0.000000	
  0.000000	  0.041667	  0.041667	  0.916667	

MOTIF C-ets1_2.3DFOOTPRINT C-ets1

letter-probability matrix: alength= 4 w= 5 nsites= 20 E= 0
  0.000000	  0.000000	  1.000000	  0.000000	
  0.000000	  0.000000	  1.000000	  0.000000	
  1.000000	  0.000000	  0.000000	  0.000000	
  0.697917	  0.093750	  0.093750	  0.114583	
  0.093750	  0.093750	  0.718750	  0.093750	

MOTIF ETS1_8.3DFOOTPRINT ETS1

letter-probability matrix: alength= 4 w= 4 nsites= 20 E= 0
  0.000000	  1.000000	  0.000000	  0.000000	
  0.000000	  1.000000	  0.000000	  0.000000	
  0.000000	  0.000000	  1.000000	  0.000000	
  0.135417	  0.135417	  0.562500	  0.166667	

MOTIF ETS1_2.3DFOOTPRINT ETS1

letter-probability matrix: alength= 4 w= 12 nsites= 20 E= 0
  0.000000	  0.000000	  1.000000	  0.000000	
  1.000000	  0.000000	  0.000000	  0.000000	
  0.250000	  0.250000	  0.250000	  0.250000	
  0.250000	  0.250000	  0.250000	  0.250000	
  0.250000	  0.250000	  0.250000	  0.250000	
  0.250000	  0.250000	  0.250000	  0.250000	
  0.177083	  0.541667	  0.177083	  0.104167	
  0.083333	  0.177083	  0.197917	  0.541667	
  0.000000	  0.000000	  0.000000	  1.000000	
  0.000000	  1.000000	  0.000000	  0.000000	
  0.000000	  1.000000	  0.000000	  0.000000	
  0.000000	  0.083333	  0.104167	  0.812500	

MOTIF ETS1_3.3DFOOTPRINT ETS1

letter-probability matrix: alength= 4 w= 4 nsites= 20 E= 0
  0.000000	  0.000000	  1.000000	  0.000000	
  0.000000	  0.000000	  1.000000	  0.000000	
  1.000000	  0.000000	  0.000000	  0.000000	
  0.593750	  0.135417	  0.135417	  0.135417	

MOTIF ETS1_4.3DFOOTPRINT ETS1

letter-probability matrix: alength= 4 w= 5 nsites= 20 E= 0
  0.000000	  0.000000	  1.000000	  0.000000	
  0.000000	  0.000000	  1.000000	  0.000000	
  1.000000	  0.000000	  0.000000	  0.000000	
  0.093750	  0.093750	  0.114583	  0.697917	
  0.114583	  0.093750	  0.697917	  0.093750	

MOTIF ETS1_5.3DFOOTPRINT ETS1

letter-probability matrix: alength= 4 w= 5 nsites= 20 E= 0
  0.000000	  0.000000	  1.000000	  0.000000	
  0.000000	  0.000000	  1.000000	  0.000000	
  1.000000	  0.000000	  0.000000	  0.000000	
  0.093750	  0.093750	  0.197917	  0.614583	
  0.114583	  0.197917	  0.593750	  0.093750	

MOTIF ETS1_6.3DFOOTPRINT ETS1

letter-probability matrix: alength= 4 w= 3 nsites= 20 E= 0
  0.000000	  0.000000	  1.000000	  0.000000	
  0.000000	  0.000000	  1.000000	  0.000000	
  0.791667	  0.000000	  0.197917	  0.010417	

MOTIF ETS1_7.3DFOOTPRINT ETS1

letter-probability matrix: alength= 4 w= 5 nsites= 20 E= 0
  0.000000	  0.000000	  1.000000	  0.000000	
  0.000000	  0.000000	  1.000000	  0.000000	
  1.000000	  0.000000	  0.000000	  0.000000	
  0.697917	  0.093750	  0.093750	  0.114583	
  0.697917	  0.093750	  0.093750	  0.114583	

MOTIF ETS1_1.GUERTIN ETS1

letter-probability matrix: alength= 4 w= 19 nsites= 20 E= 0
  0.978723	  0.014184	  0.007092	  0.000000	
  0.028369	  0.971631	  0.000000	  0.000000	
  0.000000	  0.021277	  0.000000	  0.978723	
  0.893617	  0.035461	  0.049645	  0.021277	
  0.000000	  0.992908	  0.000000	  0.007092	
  0.872340	  0.014184	  0.099291	  0.014184	
  0.460993	  0.056738	  0.148936	  0.333333	
  0.085106	  0.404255	  0.085106	  0.425532	
  0.042553	  0.099291	  0.014184	  0.843972	
  0.014184	  0.936170	  0.000000	  0.049645	
  0.007092	  0.992908	  0.000000	  0.000000	
  0.000000	  0.985816	  0.007092	  0.007092	
  0.780142	  0.000000	  0.212766	  0.007092	
  0.078014	  0.063830	  0.751773	  0.106383	
  0.333333	  0.390071	  0.262411	  0.014184	
  0.631206	  0.092199	  0.234043	  0.042553	
  0.070922	  0.085106	  0.382979	  0.460993	
  0.035461	  0.276596	  0.595745	  0.092199	
  0.021277	  0.914894	  0.042553	  0.021277	

MOTIF ETS1_2.GUERTIN ETS1

letter-probability matrix: alength= 4 w= 13 nsites= 20 E= 0
  0.096154	  0.596154	  0.230769	  0.076923	
  0.038462	  0.019231	  0.884615	  0.057692	
  0.000000	  0.884615	  0.019231	  0.096154	
  0.096154	  0.615385	  0.153846	  0.134615	
  0.019231	  0.000000	  0.923077	  0.057692	
  0.000000	  1.000000	  0.000000	  0.000000	
  0.000000	  1.000000	  0.000000	  0.000000	
  1.000000	  0.000000	  0.000000	  0.000000	
  0.000000	  0.000000	  0.000000	  1.000000	
  0.000000	  0.557692	  0.365385	  0.076923	
  0.038462	  0.057692	  0.000000	  0.903846	
  0.000000	  0.000000	  0.000000	  1.000000	
  0.038462	  0.134615	  0.769231	  0.057692	

MOTIF ETS1_3.GUERTIN ETS1

letter-probability matrix: alength= 4 w= 8 nsites= 20 E= 0
  0.130769	  0.000000	  0.869231	  0.000000	
  0.130769	  0.000000	  0.869231	  0.000000	
  1.000000	  0.000000	  0.000000	  0.000000	
  1.000000	  0.000000	  0.000000	  0.000000	
  0.361538	  0.000000	  0.638462	  0.000000	
  0.361538	  0.000000	  0.000000	  0.638462	
  0.169231	  0.000000	  0.830769	  0.000000	
  0.484615	  0.023077	  0.492308	  0.000000	

MOTIF ETS1_4.GUERTIN ETS1

letter-probability matrix: alength= 4 w= 19 nsites= 20 E= 0
  0.200000	  0.100000	  0.575000	  0.125000	
  0.975000	  0.025000	  0.000000	  0.000000	
  0.675000	  0.125000	  0.100000	  0.100000	
  0.350000	  0.250000	  0.050000	  0.350000	
  0.275000	  0.275000	  0.150000	  0.300000	
  0.100000	  0.650000	  0.075000	  0.175000	
  0.800000	  0.025000	  0.050000	  0.125000	
  0.100000	  0.225000	  0.325000	  0.350000	
  0.500000	  0.125000	  0.225000	  0.150000	
  0.100000	  0.550000	  0.000000	  0.350000	
  0.450000	  0.025000	  0.025000	  0.500000	
  0.250000	  0.125000	  0.450000	  0.175000	
  0.250000	  0.050000	  0.500000	  0.200000	
  0.575000	  0.050000	  0.100000	  0.275000	
  0.075000	  0.100000	  0.625000	  0.200000	
  0.625000	  0.000000	  0.000000	  0.375000	
  0.250000	  0.150000	  0.325000	  0.275000	
  1.000000	  0.000000	  0.000000	  0.000000	
  0.825000	  0.150000	  0.025000	  0.000000	

MOTIF ETS1.2_1.ZLAB ETS1

letter-probability matrix: alength= 4 w= 9 nsites= 20 E= 0
  0.092000	  0.256000	  0.182000	  0.470000	
  0.086000	  0.490000	  0.248000	  0.176000	
  0.054000	  0.134000	  0.024000	  0.788000	
  0.090000	  0.034000	  0.016000	  0.860000	
  0.956000	  0.004000	  0.026000	  0.014000	
  0.000000	  0.000000	  0.004000	  0.996000	
  0.000000	  1.000000	  0.000000	  0.000000	
  0.374000	  0.000000	  0.008000	  0.618000	
  0.092000	  0.274000	  0.438000	  0.196000	

MOTIF ETS1.2_2.ZLAB ETS1

letter-probability matrix: alength= 4 w= 10 nsites= 20 E= 0
  0.457031	  0.183594	  0.234375	  0.125000	
  0.000000	  0.496094	  0.000000	  0.503906	
  0.085938	  0.000000	  0.000000	  0.914062	
  0.000000	  0.000000	  0.000000	  1.000000	
  0.000000	  1.000000	  0.000000	  0.000000	
  0.000000	  1.000000	  0.000000	  0.000000	
  0.000000	  0.000000	  0.000000	  1.000000	
  0.000000	  0.238281	  0.523438	  0.238281	
  0.152344	  0.355469	  0.089844	  0.402344	
  0.199219	  0.312500	  0.148438	  0.339844	

MOTIF ETS1.2_3.ZLAB ETS1

letter-probability matrix: alength= 4 w= 7 nsites= 20 E= 0
  0.000000	  0.000000	  0.000000	  1.000000	
  0.000000	  0.000000	  0.747967	  0.252033	
  1.000000	  0.000000	  0.000000	  0.000000	
  0.000000	  0.081301	  0.780488	  0.138211	
  0.000000	  0.000000	  0.000000	  1.000000	
  0.000000	  1.000000	  0.000000	  0.000000	
  1.000000	  0.000000	  0.000000	  0.000000	

MOTIF ETS1.2_4.ZLAB ETS1

letter-probability matrix: alength= 4 w= 14 nsites= 20 E= 0
  0.625000	  0.000000	  0.000000	  0.375000	
  0.000000	  0.000000	  1.000000	  0.000000	
  0.000000	  0.250000	  0.708333	  0.041667	
  0.375000	  0.625000	  0.000000	  0.000000	
  0.375000	  0.000000	  0.000000	  0.625000	
  0.000000	  0.000000	  1.000000	  0.000000	
  0.000000	  0.250000	  0.750000	  0.000000	
  0.416667	  0.583333	  0.000000	  0.000000	
  0.083333	  0.375000	  0.000000	  0.541667	
  0.166667	  0.000000	  0.166667	  0.666667	
  0.000000	  0.416667	  0.583333	  0.000000	
  0.208333	  0.708333	  0.000000	  0.083333	
  0.125000	  0.208333	  0.000000	  0.666667	
  0.291667	  0.000000	  0.708333	  0.000000	

MOTIF ETS1.2_5.ZLAB ETS1

letter-probability matrix: alength= 4 w= 18 nsites= 20 E= 0
  0.000000	  0.041667	  0.958333	  0.000000	
  0.375000	  0.000000	  0.375000	  0.250000	
  0.291667	  0.000000	  0.583333	  0.125000	
  0.000000	  0.000000	  1.000000	  0.000000	
  0.000000	  0.875000	  0.041667	  0.083333	
  0.541667	  0.041667	  0.125000	  0.291667	
  0.000000	  0.000000	  0.958333	  0.041667	
  0.041667	  0.166667	  0.791667	  0.000000	
  0.625000	  0.083333	  0.166667	  0.125000	
  0.250000	  0.208333	  0.541667	  0.000000	
  0.041667	  0.291667	  0.208333	  0.458333	
  0.208333	  0.000000	  0.791667	  0.000000	
  0.041667	  0.083333	  0.791667	  0.083333	
  0.416667	  0.125000	  0.458333	  0.000000	
  0.208333	  0.000000	  0.583333	  0.208333	
  0.208333	  0.000000	  0.708333	  0.083333	
  0.375000	  0.000000	  0.500000	  0.125000	
  0.208333	  0.083333	  0.625000	  0.083333	

MOTIF Ets1.TF2DNA Ets1

letter-probability matrix: alength= 4 w= 8 nsites= 20 E= 0
  0.049000	  0.315000	  0.486000	  0.150000	
  0.000000	  0.000000	  1.000000	  0.000000	
  0.000000	  0.000000	  1.000000	  0.000000	
  0.993000	  0.000000	  0.007000	  0.000000	
  0.944000	  0.000000	  0.000000	  0.056000	
  0.059000	  0.000000	  0.941000	  0.000000	
  0.154000	  0.208000	  0.072000	  0.567000	
  0.212000	  0.253000	  0.290000	  0.245000	

MOTIF ETS1.SWISSREGULON ETS1,2.p2

letter-probability matrix: alength= 4 w= 13 nsites= 20 E= 0
  0.517534	  0.112877	  0.357636	  0.011953	
  0.006048	  0.833099	  0.149096	  0.011758	
  0.863189	  0.130834	  0.000000	  0.005977	
  0.000000	  0.000000	  1.000000	  0.000000	
  0.017898	  0.000000	  0.982102	  0.000000	
  1.000000	  0.000000	  0.000000	  0.000000	
  0.952554	  0.000000	  0.041565	  0.005880	
  0.249097	  0.059152	  0.691751	  0.000000	
  0.000000	  0.308494	  0.006076	  0.685430	
  0.309865	  0.155029	  0.517335	  0.017771	
  0.338650	  0.261701	  0.197218	  0.202431	
  0.018003	  0.338544	  0.333149	  0.310305	
  0.119020	  0.279161	  0.108323	  0.493496	

MOTIF M4461_1.02.CIS-BP ETS1

letter-probability matrix: alength= 4 w= 20 nsites= 20 E= 0
  0.038961	  0.681818	  0.188312	  0.090909	
  0.389610	  0.487013	  0.045455	  0.077922	
  0.000000	  0.266234	  0.019481	  0.714285	
  0.019481	  0.220779	  0.363636	  0.396104	
  0.090909	  0.720779	  0.103896	  0.084416	
  0.000000	  0.194805	  0.012987	  0.792208	
  0.006494	  0.000000	  0.993506	  0.000000	
  0.000000	  0.000000	  1.000000	  0.000000	
  0.051948	  0.000000	  0.941558	  0.006494	
  0.876622	  0.032468	  0.071429	  0.019481	
  0.474026	  0.149351	  0.279221	  0.097403	
  0.285714	  0.116883	  0.110390	  0.487013	
  0.012987	  0.064935	  0.038961	  0.883117	
  0.006494	  0.012987	  0.980519	  0.000000	
  0.006494	  0.051948	  0.058442	  0.883116	
  0.967532	  0.000000	  0.025974	  0.006494	
  0.000000	  0.000000	  0.993506	  0.006494	
  0.000000	  0.000000	  0.019481	  0.980519	
  0.006494	  0.409091	  0.019481	  0.564934	
  0.019481	  0.636363	  0.032468	  0.311688	

