Motifs	MA0148.3.JASPAR	FOXA1_f1.HOCOMOCO	FOXA1_1.HOMER	FOXA1_2.HOMER	FOXA_disc1.POUR	FOXA_disc2.POUR	FOXA_disc3.POUR	FOXA_disc4.POUR	FOXA_disc5.POUR	Fork_head.MacIsaac	FOX01.3DFOOTPRINT	FOXA1_1.GUERTIN	FOXA1_2.GUERTIN	FOXA1_3.GUERTIN	FOXA1_4.GUERTIN	FOXA.1_1.ZLAB	FOXA.1_2.ZLAB	FOXA.1_3.ZLAB	FOXA.1_4.ZLAB	FOXA.1_5.ZLAB	Foxa1.TF2DNA	M6114_1.02.CIS-BP	Average
MA0148.3.JASPAR	1.0	0.8879444	0.9719396	0.9645396	0.9598406	0.805159160527	0.633422304058	0.623707598818	0.677673	0.879396	0.686743405974	0.9015938	0.681843444352	0.698977460527	0.650400817899	0.9655829	0.6470601	0.5925789	0.628743937784	0.64253484784	0.814169998592	0.8724328	0.781194758017
FOXA1_f1.HOCOMOCO	0.8879444	1.0	0.907592	0.9063924	0.8970118	0.6482323	0.6081088	0.671853040289	0.6196497	0.8460915	0.747524	0.91286	0.6671732	0.6257464	0.703377713558	0.771934	0.648572054914	0.638162056213	0.67224272359	0.653871843515	0.741133869156	0.955365	0.760492672783
FOXA1_1.HOMER	0.9719396	0.907592	1.0	0.9862	0.9396286	0.6736222	0.531116480414	0.6023334	0.647	0.8972192	0.67865	0.9089938	0.675325182633	0.6829	0.5898541	0.9742	0.5958571	0.5185142	0.615768135079	0.629635971339	0.819219794787	0.8835656	0.76041524383
FOXA1_2.HOMER	0.9645396	0.9063924	0.9862	1.0	0.9318286	0.6755222	0.5252999	0.6129334	0.6435	0.9007192	0.68815	0.8955938	0.663156948527	0.6836	0.5779541	0.9564	0.5944428	0.5118142	0.62051603046	0.623243607196	0.814312595006	0.8765656	0.756940226418
FOXA_disc1.POUR	0.9598406	0.8970118	0.9396286	0.9318286	1.0	0.6746507	0.555214	0.6051905	0.6498834	0.8570487	0.7283927	0.9107912	0.684257841035	0.685143	0.583305	0.9666856	0.588316049691	0.522288974764	0.643599599175	0.6741784906	0.7859248112	0.873137	0.759832598476
FOXA_disc2.POUR	0.805159160527	0.6482323	0.6736222	0.6755222	0.6746507	1.0	0.425	0.5555555	0.656	0.5719408	0.609336419136	0.6541953	0.631683721434	0.6	0.507779709767	0.7370427848	0.6853174	0.489099850733	0.583690887252	0.629839026559	0.778742863418	0.6524579	0.647494032892
FOXA_disc3.POUR	0.633422304058	0.6081088	0.531116480414	0.5252999	0.555214	0.425	1.0	0.4583333	0.5653333	0.532420355886	0.6520834	0.593894947275	0.666532075089	0.5308333	0.6398648	0.6863023016	0.6726189	0.646898129157	0.593225676819	0.621117512195	0.532047784188	0.591081172704	0.602761292699
FOXA_disc4.POUR	0.623707598818	0.671853040289	0.6023334	0.6129334	0.6051905	0.5555555	0.4583333	1.0	0.6711912	0.545741	0.73125	0.61159	0.6087066	0.6125	0.585182376653	0.5702939256	0.6369048	0.585202889796	0.8322917	0.568061278719	0.687181446998	0.6714226	0.638519388949
FOXA_disc5.POUR	0.677673	0.6196497	0.647	0.6435	0.6498834	0.656	0.5653333	0.6711912	1.0	0.597459609111	0.617562	0.663479672741	0.774280219482	0.696	0.61749958308	0.607617857899	0.6571429	0.574531382723	0.6676912	0.643574479781	0.729167090523	0.6309109	0.663961249788
Fork_head.MacIsaac	0.879396	0.8460915	0.8972192	0.9007192	0.8570487	0.5719408	0.532420355886	0.545741	0.597459609111	0.999999853173	0.5690852	0.8494217	0.67778067631	0.7088391	0.5252571	0.9169385	0.528944644935	0.475804580972	0.613165557519	0.5667108	0.8461252	0.8364303	0.715569980814
FOX01.3DFOOTPRINT	0.686743405974	0.747524	0.67865	0.68815	0.7283927	0.609336419136	0.6520834	0.73125	0.617562	0.5690852	1.0	0.699831858772	0.6581905	0.6375	0.66462798308	0.710397032	0.7741071	0.6385714	0.81875	0.634792556372	0.565266608	0.7103077	0.691869084697
FOXA1_1.GUERTIN	0.9015938	0.91286	0.9089938	0.8955938	0.9107912	0.6541953	0.593894947275	0.61159	0.663479672741	0.8494217	0.699831858772	1.0	0.656508944739	0.630432554335	0.702947295881	0.764862259233	0.601536172851	0.6327311	0.624107106133	0.635187181791	0.760622311623	0.9284278	0.751800400244
FOXA1_2.GUERTIN	0.681843444352	0.6671732	0.675325182633	0.663156948527	0.684257841035	0.631683721434	0.666532075089	0.6087066	0.774280219482	0.67778067631	0.6581905	0.656508944739	1.0	0.681952392295	0.658251534977	0.679715370571	0.617825349309	0.610545506526	0.647237549678	0.666081086163	0.6194670056	0.6399218	0.675747134033
FOXA1_3.GUERTIN	0.698977460527	0.6257464	0.6829	0.6836	0.685143	0.6	0.5308333	0.6125	0.696	0.7088391	0.6375	0.630432554335	0.681952392295	1.0	0.658830709767	0.718894029351	0.722876258917	0.557722622756	0.7175	0.596598807564	0.6590909056	0.6379058	0.670174697323
FOXA1_4.GUERTIN	0.650400817899	0.703377713558	0.5898541	0.5779541	0.583305	0.507779709767	0.6398648	0.585182376653	0.61749958308	0.5252571	0.66462798308	0.702947295881	0.658251534977	0.658830709767	0.999999683586	0.649852152576	0.7023165	0.8234746	0.735396550351	0.733468549954	0.566359254154	0.62891852314	0.659314483565
FOXA.1_1.ZLAB	0.9655829	0.771934	0.9742	0.9564	0.9666856	0.7370427848	0.6863023016	0.5702939256	0.607617857899	0.9169385	0.710397032	0.764862259233	0.679715370571	0.718894029351	0.649852152576	1.0	0.583971593424	0.604241893568	0.64010547746	0.6160728	0.674954352024	0.930451282533	0.760296186938
FOXA.1_2.ZLAB	0.6470601	0.648572054914	0.5958571	0.5944428	0.588316049691	0.6853174	0.6726189	0.6369048	0.6571429	0.528944644935	0.7741071	0.601536172851	0.617825349309	0.722876258917	0.7023165	0.583971593424	1.0	0.68	0.6785714	0.698472344867	0.7457	0.6041137	0.666575780405
FOXA.1_3.ZLAB	0.5925789	0.638162056213	0.5185142	0.5118142	0.522288974764	0.489099850733	0.646898129157	0.585202889796	0.574531382723	0.475804580972	0.6385714	0.6327311	0.610545506526	0.557722622756	0.8234746	0.604241893568	0.68	0.999999671608	0.7032144	0.6743507	0.553896839646	0.563871674513	0.618068889681
FOXA.1_4.ZLAB	0.628743937784	0.67224272359	0.615768135079	0.62051603046	0.643599599175	0.583690887252	0.593225676819	0.8322917	0.6676912	0.613165557519	0.81875	0.624107106133	0.647237549678	0.7175	0.735396550351	0.64010547746	0.6785714	0.7032144	1.0	0.700253943317	0.6273	0.674181672172	0.683525161218
FOXA.1_5.ZLAB	0.64253484784	0.653871843515	0.629635971339	0.623243607196	0.6741784906	0.629839026559	0.621117512195	0.568061278719	0.643574479781	0.5667108	0.634792556372	0.635187181791	0.666081086163	0.596598807564	0.733468549954	0.6160728	0.698472344867	0.6743507	0.700253943317	1.0	0.616212643504	0.641660240815	0.65754175964
Foxa1.TF2DNA	0.814169998592	0.741133869156	0.819219794787	0.814312595006	0.7859248112	0.778742863418	0.532047784188	0.687181446998	0.729167090523	0.8461252	0.565266608	0.760622311623	0.6194670056	0.6590909056	0.566359254154	0.674954352024	0.7457	0.553896839646	0.6273	0.616212643504	1.0	0.760077713835	0.713498776721
M6114_1.02.CIS-BP	0.8724328	0.955365	0.8835656	0.8765656	0.873137	0.6524579	0.591081172704	0.6714226	0.6309109	0.8364303	0.7103077	0.9284278	0.6399218	0.6379058	0.62891852314	0.930451282533	0.6041137	0.563871674513	0.674181672172	0.641660240815	0.760077713835	1.0	0.752873035441
