MEME version 4.4

ALPHABET= ACGT

strands: + -

Background letter frequencies (from uniform background):
A 0.25000 C 0.25000 G 0.25000 T 0.25000 

MOTIF MA0148.3.JASPAR FOXA1

letter-probability matrix: alength= 4 w= 14 nsites= 20 E= 0
  0.211696	  0.311296	  0.214967	  0.262041	
  0.139131	  0.388859	  0.241458	  0.230553	
  0.324200	  0.196156	  0.165440	  0.314204	
  0.003181	  0.000000	  0.000545	  0.996274	
  0.267312	  0.000000	  0.732688	  0.000000	
  0.000000	  0.000000	  0.000000	  1.000000	
  0.000000	  0.000000	  0.058706	  0.941294	
  0.000000	  0.000000	  0.129907	  0.870093	
  0.829335	  0.000000	  0.170665	  0.000000	
  0.000000	  0.934024	  0.000000	  0.065976	
  0.417712	  0.120638	  0.000000	  0.461650	
  0.037577	  0.331516	  0.063250	  0.567657	
  0.486278	  0.000045	  0.002863	  0.510814	
  0.218421	  0.118275	  0.427799	  0.235505	

MOTIF FOXA1_f1.HOCOMOCO FOXA1

letter-probability matrix: alength= 4 w= 10 nsites= 20 E= 0
  0.208754	  0.005612	  0.780022	  0.005612	
  0.001122	  0.011223	  0.003367	  0.984287	
  0.001122	  0.005612	  0.020202	  0.973064	
  0.005612	  0.001122	  0.078563	  0.914703	
  0.480359	  0.010101	  0.475870	  0.033670	
  0.012346	  0.821549	  0.003367	  0.162738	
  0.283951	  0.131313	  0.003367	  0.581369	
  0.065095	  0.362514	  0.062851	  0.509540	
  0.402918	  0.011223	  0.040404	  0.545455	
  0.125701	  0.148148	  0.473625	  0.252525	

MOTIF FOXA1_1.HOMER LNCAP-FOXA1-ChIP-Seq

letter-probability matrix: alength= 4 w= 9 nsites= 20 E= 0
  0.644000	  0.067000	  0.240000	  0.049000	
  0.575000	  0.002000	  0.111000	  0.313000	
  0.128000	  0.001000	  0.870000	  0.001000	
  0.001000	  0.152000	  0.001000	  0.846000	
  0.893000	  0.105000	  0.001000	  0.001000	
  0.969000	  0.029000	  0.001000	  0.001000	
  0.997000	  0.001000	  0.001000	  0.001000	
  0.001000	  0.775000	  0.001000	  0.223000	
  0.997000	  0.001000	  0.001000	  0.001000	

MOTIF FOXA1_2.HOMER MCF7-FOXA1-ChIP-Seq

letter-probability matrix: alength= 4 w= 9 nsites= 20 E= 0
  0.681000	  0.037000	  0.248000	  0.034000	
  0.596000	  0.001000	  0.096000	  0.307000	
  0.114000	  0.001000	  0.884000	  0.001000	
  0.001000	  0.153000	  0.001000	  0.845000	
  0.931000	  0.067000	  0.001000	  0.001000	
  0.985000	  0.013000	  0.001000	  0.001000	
  0.997000	  0.001000	  0.001000	  0.001000	
  0.001000	  0.714000	  0.001000	  0.284000	
  0.997000	  0.001000	  0.001000	  0.001000	

MOTIF FOXA_disc1.POUR FOXA1_ECC-1_encode-Myers_seq_hsa_DMSO-0.02pct-v041610.2-C-20_r1:MDscan#1#Intergenic

letter-probability matrix: alength= 4 w= 9 nsites= 20 E= 0
  0.645714	  0.000000	  0.354286	  0.000000	
  0.514286	  0.000000	  0.165714	  0.320000	
  0.000000	  0.000000	  1.000000	  0.000000	
  0.000000	  0.268571	  0.000000	  0.731429	
  0.885714	  0.114286	  0.000000	  0.000000	
  0.931429	  0.068571	  0.000000	  0.000000	
  0.988571	  0.011429	  0.000000	  0.000000	
  0.000000	  0.702857	  0.000000	  0.297143	
  1.000000	  0.000000	  0.000000	  0.000000	

MOTIF FOXA_disc2.POUR FOXA1_HepG2_encode-Myers_seq_hsa_v041610.1-C-20_r1:Trawler#3#Intergenic

letter-probability matrix: alength= 4 w= 9 nsites= 20 E= 0
  1.000000	  0.000000	  0.000000	  0.000000	
  0.000000	  0.000000	  0.000000	  1.000000	
  1.000000	  0.000000	  0.000000	  0.000000	
  0.000000	  0.000000	  0.000000	  1.000000	
  0.000000	  0.000000	  0.000000	  1.000000	
  0.000000	  0.000000	  0.611111	  0.388889	
  0.916667	  0.000000	  0.083333	  0.000000	
  0.000000	  1.000000	  0.000000	  0.000000	
  0.388889	  0.277778	  0.000000	  0.333333	

MOTIF FOXA_disc3.POUR FOXA1_ECC-1_encode-Myers_seq_hsa_DMSO-0.02pct-v041610.2-C-20_r1:Trawler#2#Intergenic

letter-probability matrix: alength= 4 w= 7 nsites= 20 E= 0
  0.000000	  1.000000	  0.000000	  0.000000	
  0.000000	  0.041667	  0.083333	  0.875000	
  0.000000	  0.000000	  1.000000	  0.000000	
  0.000000	  0.666667	  0.000000	  0.333333	
  0.000000	  0.083333	  0.000000	  0.916667	
  0.208333	  0.000000	  0.791667	  0.000000	
  1.000000	  0.000000	  0.000000	  0.000000	

MOTIF FOXA_disc4.POUR FOXA1_T-47D_encode-Myers_seq_hsa_DMSO-0.02pct-v041610.2-C-20_r1:Trawler#3#Intergenic

letter-probability matrix: alength= 4 w= 7 nsites= 20 E= 0
  1.000000	  0.000000	  0.000000	  0.000000	
  0.583333	  0.000000	  0.416667	  0.000000	
  0.000000	  0.000000	  0.000000	  1.000000	
  0.000000	  0.000000	  0.000000	  1.000000	
  0.000000	  1.000000	  0.000000	  0.000000	
  0.250000	  0.750000	  0.000000	  0.000000	
  0.000000	  0.000000	  0.041667	  0.958333	

MOTIF FOXA_disc5.POUR FOXA1_HepG2_encode-Myers_seq_hsa_v041610.1-C-20_r1:Trawler#1#Intergenic

letter-probability matrix: alength= 4 w= 8 nsites= 20 E= 0
  1.000000	  0.000000	  0.000000	  0.000000	
  1.000000	  0.000000	  0.000000	  0.000000	
  0.000000	  0.000000	  1.000000	  0.000000	
  0.120000	  0.040000	  0.440000	  0.400000	
  0.280000	  0.000000	  0.000000	  0.720000	
  0.000000	  1.000000	  0.000000	  0.000000	
  0.880000	  0.120000	  0.000000	  0.000000	
  1.000000	  0.000000	  0.000000	  0.000000	

MOTIF Fork_head.MacIsaac Fork

letter-probability matrix: alength= 4 w= 7 nsites= 20 E= 0
  0.613732	  0.001572	  0.381952	  0.002744	
  0.002731	  0.182656	  0.001564	  0.813050	
  0.994265	  0.001531	  0.001531	  0.002673	
  0.994265	  0.001531	  0.001531	  0.002673	
  0.994265	  0.001531	  0.001531	  0.002673	
  0.002859	  0.992646	  0.001637	  0.002859	
  0.994265	  0.001531	  0.001531	  0.002673	

MOTIF FOX01.3DFOOTPRINT FOX01

letter-probability matrix: alength= 4 w= 10 nsites= 20 E= 0
  0.000000	  0.000000	  0.000000	  1.000000	
  1.000000	  0.000000	  0.000000	  0.000000	
  0.875000	  0.000000	  0.125000	  0.000000	
  0.125000	  0.625000	  0.125000	  0.125000	
  1.000000	  0.000000	  0.000000	  0.000000	
  0.000000	  0.000000	  1.000000	  0.000000	
  0.000000	  0.000000	  1.000000	  0.000000	
  1.000000	  0.000000	  0.000000	  0.000000	
  0.812500	  0.062500	  0.062500	  0.062500	
  0.687500	  0.062500	  0.125000	  0.125000	

MOTIF FOXA1_1.GUERTIN FOXA1

letter-probability matrix: alength= 4 w= 11 nsites= 20 E= 0
  0.319540	  0.016858	  0.663602	  0.000000	
  0.000000	  0.000000	  0.000000	  1.000000	
  0.000000	  0.000000	  0.146360	  0.853640	
  0.000000	  0.000000	  0.107280	  0.892720	
  0.648276	  0.000000	  0.317241	  0.034483	
  0.000000	  0.733333	  0.000000	  0.266667	
  0.337165	  0.153257	  0.000000	  0.509579	
  0.121839	  0.271264	  0.161686	  0.445211	
  0.429119	  0.040613	  0.063602	  0.466667	
  0.233716	  0.140996	  0.354023	  0.271264	
  0.180077	  0.274330	  0.242912	  0.302682	

MOTIF FOXA1_2.GUERTIN FOXA1

letter-probability matrix: alength= 4 w= 15 nsites= 20 E= 0
  0.391045	  0.050746	  0.453731	  0.104478	
  0.262687	  0.008955	  0.552239	  0.176119	
  0.319403	  0.179104	  0.232836	  0.268657	
  0.850746	  0.032836	  0.008955	  0.107463	
  0.000000	  0.949254	  0.050746	  0.000000	
  0.686567	  0.008955	  0.056716	  0.247761	
  0.161194	  0.250746	  0.373134	  0.214925	
  0.388060	  0.217910	  0.140299	  0.253731	
  0.340299	  0.235821	  0.217910	  0.205970	
  0.035821	  0.026866	  0.044776	  0.892537	
  0.000000	  0.000000	  1.000000	  0.000000	
  0.008955	  0.008955	  0.000000	  0.982090	
  0.208955	  0.131343	  0.122388	  0.537313	
  0.000000	  1.000000	  0.000000	  0.000000	
  0.194030	  0.283582	  0.000000	  0.522388	

MOTIF FOXA1_3.GUERTIN FOXA1

letter-probability matrix: alength= 4 w= 19 nsites= 20 E= 0
  0.000000	  0.000000	  0.100000	  0.900000	
  0.000000	  0.900000	  0.000000	  0.100000	
  0.000000	  0.100000	  0.000000	  0.900000	
  1.000000	  0.000000	  0.000000	  0.000000	
  0.100000	  0.000000	  0.900000	  0.000000	
  0.000000	  0.000000	  1.000000	  0.000000	
  0.000000	  0.100000	  0.000000	  0.900000	
  0.000000	  0.000000	  0.000000	  1.000000	
  0.000000	  0.000000	  0.000000	  1.000000	
  0.100000	  0.100000	  0.800000	  0.000000	
  0.100000	  0.000000	  0.000000	  0.900000	
  0.000000	  0.100000	  0.900000	  0.000000	
  0.100000	  0.000000	  0.000000	  0.900000	
  0.900000	  0.000000	  0.100000	  0.000000	
  0.900000	  0.000000	  0.000000	  0.100000	
  0.100000	  0.000000	  0.900000	  0.000000	
  0.100000	  0.100000	  0.000000	  0.800000	
  1.000000	  0.000000	  0.000000	  0.000000	
  0.000000	  1.000000	  0.000000	  0.000000	

MOTIF FOXA1_4.GUERTIN FOXA1

letter-probability matrix: alength= 4 w= 19 nsites= 20 E= 0
  0.175676	  0.324324	  0.135135	  0.364865	
  0.094595	  0.378378	  0.148649	  0.378378	
  0.000000	  0.662162	  0.000000	  0.337838	
  0.067568	  0.797297	  0.081081	  0.054054	
  0.270270	  0.256757	  0.000000	  0.472973	
  0.081081	  0.662162	  0.229730	  0.027027	
  0.027027	  0.459459	  0.108108	  0.405405	
  0.027027	  0.797297	  0.121622	  0.054054	
  0.135135	  0.770270	  0.054054	  0.040541	
  0.189189	  0.297297	  0.027027	  0.486486	
  0.040541	  0.175676	  0.216216	  0.567568	
  0.000000	  0.432432	  0.297297	  0.270270	
  0.135135	  0.662162	  0.121622	  0.081081	
  0.000000	  0.797297	  0.000000	  0.202703	
  0.121622	  0.270270	  0.013514	  0.594595	
  0.027027	  0.256757	  0.270270	  0.445946	
  0.000000	  0.716216	  0.121622	  0.162162	
  0.000000	  0.783784	  0.000000	  0.216216	
  0.054054	  0.391892	  0.000000	  0.554054	

MOTIF FOXA.1_1.ZLAB FOXA

letter-probability matrix: alength= 4 w= 16 nsites= 20 E= 0
  0.170000	  0.312000	  0.296000	  0.222000	
  0.278000	  0.318000	  0.246000	  0.158000	
  0.110000	  0.568000	  0.122000	  0.200000	
  0.436000	  0.018000	  0.016000	  0.530000	
  0.496000	  0.082000	  0.368000	  0.054000	
  0.468000	  0.006000	  0.156000	  0.370000	
  0.126000	  0.012000	  0.844000	  0.018000	
  0.000000	  0.282000	  0.002000	  0.716000	
  0.888000	  0.112000	  0.000000	  0.000000	
  0.948000	  0.052000	  0.000000	  0.000000	
  0.994000	  0.000000	  0.002000	  0.004000	
  0.000000	  0.790000	  0.002000	  0.208000	
  0.976000	  0.002000	  0.006000	  0.016000	
  0.372000	  0.186000	  0.244000	  0.198000	
  0.336000	  0.214000	  0.294000	  0.156000	
  0.262000	  0.244000	  0.358000	  0.136000	

MOTIF FOXA.1_2.ZLAB FOXA

letter-probability matrix: alength= 4 w= 29 nsites= 20 E= 0
  0.714286	  0.000000	  0.285714	  0.000000	
  0.714286	  0.285714	  0.000000	  0.000000	
  0.142857	  0.857143	  0.000000	  0.000000	
  0.142857	  0.571429	  0.000000	  0.285714	
  0.000000	  0.000000	  1.000000	  0.000000	
  0.000000	  1.000000	  0.000000	  0.000000	
  0.000000	  0.857143	  0.000000	  0.142857	
  0.000000	  0.142857	  0.142857	  0.714286	
  1.000000	  0.000000	  0.000000	  0.000000	
  0.000000	  0.714286	  0.285714	  0.000000	
  0.000000	  0.000000	  0.000000	  1.000000	
  0.142857	  0.857143	  0.000000	  0.000000	
  1.000000	  0.000000	  0.000000	  0.000000	
  0.857143	  0.000000	  0.142857	  0.000000	
  0.000000	  0.142857	  0.857143	  0.000000	
  0.000000	  1.000000	  0.000000	  0.000000	
  0.000000	  1.000000	  0.000000	  0.000000	
  0.000000	  0.000000	  0.000000	  1.000000	
  0.000000	  0.857143	  0.000000	  0.142857	
  1.000000	  0.000000	  0.000000	  0.000000	
  0.000000	  0.000000	  1.000000	  0.000000	
  0.000000	  0.571429	  0.142857	  0.285714	
  1.000000	  0.000000	  0.000000	  0.000000	
  1.000000	  0.000000	  0.000000	  0.000000	
  0.000000	  0.000000	  0.000000	  1.000000	
  0.000000	  0.000000	  0.857143	  0.142857	
  0.142857	  0.142857	  0.571429	  0.142857	
  0.000000	  0.714286	  0.000000	  0.285714	
  0.285714	  0.000000	  0.714286	  0.000000	

MOTIF FOXA.1_3.ZLAB FOXA

letter-probability matrix: alength= 4 w= 14 nsites= 20 E= 0
  0.000000	  0.957143	  0.000000	  0.042857	
  0.214286	  0.442857	  0.000000	  0.342857	
  0.057143	  0.557143	  0.142857	  0.242857	
  0.042857	  0.571429	  0.100000	  0.285714	
  0.000000	  0.471429	  0.200000	  0.328571	
  0.171429	  0.700000	  0.000000	  0.128571	
  0.014286	  0.771429	  0.000000	  0.214286	
  0.114286	  0.714286	  0.000000	  0.171429	
  0.114286	  0.600000	  0.114286	  0.171429	
  0.000000	  0.871429	  0.000000	  0.128571	
  0.142857	  0.185714	  0.014286	  0.657143	
  0.014286	  0.900000	  0.085714	  0.000000	
  0.100000	  0.900000	  0.000000	  0.000000	
  0.000000	  0.685714	  0.000000	  0.314286	

MOTIF FOXA.1_4.ZLAB FOXA

letter-probability matrix: alength= 4 w= 29 nsites= 20 E= 0
  0.250000	  0.375000	  0.250000	  0.125000	
  0.000000	  0.125000	  0.625000	  0.250000	
  0.000000	  0.875000	  0.125000	  0.000000	
  0.250000	  0.625000	  0.000000	  0.125000	
  0.375000	  0.000000	  0.500000	  0.125000	
  0.000000	  0.000000	  1.000000	  0.000000	
  0.125000	  0.000000	  0.875000	  0.000000	
  1.000000	  0.000000	  0.000000	  0.000000	
  1.000000	  0.000000	  0.000000	  0.000000	
  0.000000	  0.000000	  1.000000	  0.000000	
  0.000000	  0.375000	  0.125000	  0.500000	
  0.000000	  0.250000	  0.000000	  0.750000	
  0.000000	  0.875000	  0.000000	  0.125000	
  0.375000	  0.250000	  0.375000	  0.000000	
  1.000000	  0.000000	  0.000000	  0.000000	
  1.000000	  0.000000	  0.000000	  0.000000	
  0.000000	  0.625000	  0.250000	  0.125000	
  0.000000	  0.000000	  0.000000	  1.000000	
  0.000000	  0.000000	  1.000000	  0.000000	
  0.125000	  0.000000	  0.875000	  0.000000	
  0.000000	  0.000000	  1.000000	  0.000000	
  0.000000	  0.625000	  0.000000	  0.375000	
  0.375000	  0.000000	  0.625000	  0.000000	
  0.125000	  0.000000	  0.875000	  0.000000	
  0.875000	  0.000000	  0.125000	  0.000000	
  0.000000	  0.000000	  0.750000	  0.250000	
  0.125000	  0.625000	  0.125000	  0.125000	
  0.000000	  0.625000	  0.125000	  0.250000	
  0.000000	  1.000000	  0.000000	  0.000000	

MOTIF FOXA.1_5.ZLAB FOXA

letter-probability matrix: alength= 4 w= 14 nsites= 20 E= 0
  0.136364	  0.000000	  0.000000	  0.863636	
  0.000000	  0.000000	  0.931818	  0.068182	
  0.022727	  0.068182	  0.886364	  0.022727	
  0.000000	  1.000000	  0.000000	  0.000000	
  0.227273	  0.181818	  0.000000	  0.590909	
  0.068182	  0.340909	  0.340909	  0.250000	
  0.272727	  0.181818	  0.113636	  0.431818	
  0.000000	  0.113636	  0.431818	  0.454545	
  0.113636	  0.136364	  0.159091	  0.590909	
  0.000000	  0.204545	  0.431818	  0.363636	
  0.000000	  1.000000	  0.000000	  0.000000	
  0.000000	  1.000000	  0.000000	  0.000000	
  0.681818	  0.181818	  0.000000	  0.136364	
  0.431818	  0.000000	  0.500000	  0.068182	

MOTIF Foxa1.TF2DNA Foxa1

letter-probability matrix: alength= 4 w= 8 nsites= 20 E= 0
  0.988000	  0.000000	  0.000000	  0.012000	
  0.049000	  0.312000	  0.028000	  0.611000	
  0.396000	  0.034000	  0.265000	  0.304000	
  0.000000	  0.000000	  0.039000	  0.961000	
  0.531000	  0.175000	  0.083000	  0.211000	
  1.000000	  0.000000	  0.000000	  0.000000	
  1.000000	  0.000000	  0.000000	  0.000000	
  0.083000	  0.917000	  0.000000	  0.000000	

MOTIF M6114_1.02.CIS-BP FOXA1

letter-probability matrix: alength= 4 w= 9 nsites= 20 E= 0
  0.591623	  0.078534	  0.261780	  0.068063	
  0.560209	  0.000000	  0.157068	  0.282723	
  0.277487	  0.000000	  0.722513	  0.000000	
  0.052356	  0.481675	  0.000000	  0.465969	
  0.874346	  0.125654	  0.000000	  0.000000	
  1.000000	  0.000000	  0.000000	  0.000000	
  1.000000	  0.000000	  0.000000	  0.000000	
  0.000000	  0.654450	  0.000000	  0.345550	
  1.000000	  0.000000	  0.000000	  0.000000	

