MEME version 4.4

ALPHABET= ACGT

strands: + -

Background letter frequencies (from uniform background):
A 0.25000 C 0.25000 G 0.25000 T 0.25000 

MOTIF MA0079.3.JASPAR SP1

letter-probability matrix: alength= 4 w= 10 nsites= 20 E= 0
  0.000000	  0.711587	  0.073506	  0.214907	
  0.011335	  0.767460	  0.000000	  0.221204	
  0.000000	  1.000000	  0.000000	  0.000000	
  0.000000	  0.991642	  0.000000	  0.008358	
  0.155599	  0.000000	  0.529425	  0.314976	
  0.000000	  1.000000	  0.000000	  0.000000	
  0.000000	  1.000000	  0.000000	  0.000000	
  0.000000	  0.764713	  0.000000	  0.235287	
  0.120678	  0.727845	  0.000000	  0.151477	
  0.074651	  0.568926	  0.084039	  0.272384	

MOTIF SP1_f1.HOCOMOCO SP1

letter-probability matrix: alength= 4 w= 10 nsites= 20 E= 0
  0.085985	  0.029808	  0.749212	  0.134996	
  0.169390	  0.012324	  0.815420	  0.002866	
  0.002006	  0.012898	  0.983950	  0.001146	
  0.026082	  0.005446	  0.967039	  0.001433	
  0.231872	  0.644024	  0.017770	  0.106334	
  0.034680	  0.012038	  0.929206	  0.024076	
  0.004013	  0.010318	  0.955001	  0.030668	
  0.159931	  0.025795	  0.772428	  0.041846	
  0.075666	  0.073087	  0.801662	  0.049584	
  0.148753	  0.537403	  0.187733	  0.126111	

MOTIF SP1_f2.HOCOMOCO SP1

letter-probability matrix: alength= 4 w= 18 nsites= 20 E= 0
  0.219911	  0.174224	  0.470508	  0.135356	
  0.164337	  0.140471	  0.593931	  0.101262	
  0.259802	  0.200136	  0.444596	  0.095465	
  0.357995	  0.177975	  0.318786	  0.145244	
  0.213433	  0.126151	  0.582680	  0.077736	
  0.107740	  0.021821	  0.729969	  0.140471	
  0.162291	  0.004773	  0.826798	  0.006137	
  0.003069	  0.004773	  0.988408	  0.003750	
  0.006478	  0.011592	  0.980907	  0.001023	
  0.182748	  0.647801	  0.021139	  0.148312	
  0.017388	  0.009547	  0.939993	  0.033072	
  0.015002	  0.015002	  0.928742	  0.041255	
  0.164337	  0.050119	  0.744630	  0.040914	
  0.084896	  0.070576	  0.798159	  0.046369	
  0.147289	  0.548926	  0.191272	  0.112513	
  0.095124	  0.432663	  0.261848	  0.210365	
  0.269349	  0.157177	  0.371292	  0.202182	
  0.206955	  0.225026	  0.474599	  0.093420	

MOTIF Sp1.HOMER Promoter

letter-probability matrix: alength= 4 w= 11 nsites= 20 E= 0
  0.050000	  0.001000	  0.948000	  0.001000	
  0.013000	  0.870000	  0.061000	  0.056000	
  0.033000	  0.815000	  0.001000	  0.151000	
  0.049000	  0.949000	  0.001000	  0.001000	
  0.001000	  0.997000	  0.001000	  0.001000	
  0.025000	  0.001000	  0.973000	  0.001000	
  0.001000	  0.997000	  0.001000	  0.001000	
  0.001000	  0.997000	  0.001000	  0.001000	
  0.001000	  0.881000	  0.001000	  0.117000	
  0.103000	  0.824000	  0.001000	  0.071000	
  0.037000	  0.512000	  0.221000	  0.230000	

MOTIF SP1_disc1.POUR SP1_H1-hESC_encode-Myers_seq_hsa_r1:MEME#3#Intergenic

letter-probability matrix: alength= 4 w= 21 nsites= 20 E= 0
  0.194595	  0.335135	  0.156757	  0.313514	
  0.470270	  0.097297	  0.416216	  0.016216	
  0.302703	  0.059459	  0.529730	  0.108108	
  0.000000	  1.000000	  0.000000	  0.000000	
  0.005405	  0.994595	  0.000000	  0.000000	
  0.994595	  0.000000	  0.005405	  0.000000	
  1.000000	  0.000000	  0.000000	  0.000000	
  0.010811	  0.000000	  0.032432	  0.956757	
  0.237838	  0.383784	  0.324324	  0.054054	
  0.583784	  0.032432	  0.383784	  0.000000	
  0.318919	  0.113514	  0.529729	  0.037838	
  0.535136	  0.232432	  0.162162	  0.070270	
  0.470270	  0.059459	  0.345946	  0.124324	
  0.189189	  0.248649	  0.389189	  0.172973	
  0.156757	  0.318919	  0.362162	  0.162162	
  0.194595	  0.345946	  0.362162	  0.097297	
  0.308108	  0.091892	  0.459459	  0.140541	
  0.183784	  0.227027	  0.454054	  0.135135	
  0.281081	  0.264865	  0.302703	  0.151351	
  0.275676	  0.054054	  0.372973	  0.297297	
  0.178378	  0.210811	  0.281081	  0.329730	

MOTIF SP1_disc2.POUR SP1_GM12878_encode-Myers_seq_hsa_r1:Trawler#1#Intergenic

letter-probability matrix: alength= 4 w= 7 nsites= 20 E= 0
  1.000000	  0.000000	  0.000000	  0.000000	
  1.000000	  0.000000	  0.000000	  0.000000	
  0.000000	  0.048780	  0.951220	  0.000000	
  0.195122	  0.000000	  0.804878	  0.000000	
  0.000000	  0.170732	  0.804878	  0.024390	
  0.000000	  0.170732	  0.707317	  0.121951	
  0.000000	  1.000000	  0.000000	  0.000000	

MOTIF SP1_disc3.POUR SP1_HepG2_encode-Myers_seq_hsa_r1:MEME#2#Intergenic

letter-probability matrix: alength= 4 w= 14 nsites= 20 E= 0
  0.049180	  0.204918	  0.573771	  0.172131	
  0.295082	  0.196721	  0.303279	  0.204918	
  0.409836	  0.000000	  0.303279	  0.286885	
  0.131148	  0.016393	  0.852459	  0.000000	
  0.204918	  0.000000	  0.770492	  0.024590	
  0.352459	  0.000000	  0.647541	  0.000000	
  0.073770	  0.000000	  0.926230	  0.000000	
  0.008197	  0.008197	  0.950819	  0.032787	
  0.245902	  0.622950	  0.000000	  0.131148	
  0.204918	  0.000000	  0.680328	  0.114754	
  0.024590	  0.000000	  0.975410	  0.000000	
  0.131148	  0.000000	  0.860655	  0.008197	
  0.213115	  0.000000	  0.786885	  0.000000	
  0.106557	  0.475410	  0.303279	  0.114754	

MOTIF SP1_DBD.JOLMA SP1

letter-probability matrix: alength= 4 w= 10 nsites= 20 E= 0
  0.192941	  0.707016	  0.033781	  0.066262	
  0.066297	  0.754216	  0.018711	  0.160776	
  0.470964	  0.477062	  0.049652	  0.002323	
  0.006066	  0.990294	  0.001820	  0.001820	
  0.300733	  0.008674	  0.488261	  0.202333	
  0.000000	  0.996642	  0.000305	  0.003053	
  0.001830	  0.996034	  0.000610	  0.001525	
  0.001271	  0.829733	  0.000000	  0.168996	
  0.389714	  0.475875	  0.015642	  0.118770	
  0.176778	  0.517187	  0.104546	  0.201489	

MOTIF SP1_1.GUERTIN SP1

letter-probability matrix: alength= 4 w= 11 nsites= 20 E= 0
  0.364238	  0.057395	  0.467991	  0.110375	
  0.002208	  0.986755	  0.000000	  0.011038	
  0.000000	  0.997792	  0.000000	  0.002208	
  1.000000	  0.000000	  0.000000	  0.000000	
  0.973510	  0.000000	  0.026490	  0.000000	
  0.000000	  0.024283	  0.000000	  0.975717	
  0.158940	  0.481236	  0.315673	  0.044150	
  0.547461	  0.037528	  0.415011	  0.000000	
  0.178808	  0.145695	  0.602649	  0.072848	
  0.514349	  0.220751	  0.174393	  0.090508	
  0.368653	  0.072848	  0.428256	  0.130243	

MOTIF SP1_2.GUERTIN SP1

letter-probability matrix: alength= 4 w= 11 nsites= 20 E= 0
  0.123404	  0.000000	  0.676596	  0.200000	
  0.219149	  0.000000	  0.780851	  0.000000	
  0.000000	  0.000000	  1.000000	  0.000000	
  0.004255	  0.000000	  0.995745	  0.000000	
  0.223404	  0.678723	  0.000000	  0.097872	
  0.014894	  0.000000	  0.985106	  0.000000	
  0.000000	  0.000000	  0.880851	  0.119149	
  0.204255	  0.000000	  0.765957	  0.029787	
  0.223404	  0.057447	  0.691489	  0.027660	
  0.138298	  0.663830	  0.080851	  0.117021	
  0.189362	  0.404255	  0.170213	  0.236170	

MOTIF SP1_3.GUERTIN SP1

letter-probability matrix: alength= 4 w= 11 nsites= 20 E= 0
  0.894737	  0.000000	  0.105263	  0.000000	
  0.000000	  0.000000	  0.035088	  0.964912	
  0.017544	  0.035088	  0.912281	  0.035088	
  0.017544	  0.017544	  0.964912	  0.000000	
  0.964912	  0.000000	  0.000000	  0.035088	
  0.947368	  0.052632	  0.000000	  0.000000	
  0.000000	  0.000000	  0.000000	  1.000000	
  0.000000	  0.210526	  0.771930	  0.017544	
  0.087719	  0.000000	  0.912281	  0.000000	
  1.000000	  0.000000	  0.000000	  0.000000	
  0.964912	  0.000000	  0.035088	  0.000000	

MOTIF SP1_4.GUERTIN SP1

letter-probability matrix: alength= 4 w= 11 nsites= 20 E= 0
  0.980769	  0.019231	  0.000000	  0.000000	
  0.750000	  0.000000	  0.250000	  0.000000	
  0.000000	  0.000000	  0.000000	  1.000000	
  0.038462	  0.057692	  0.903846	  0.000000	
  0.000000	  0.000000	  1.000000	  0.000000	
  1.000000	  0.000000	  0.000000	  0.000000	
  0.769231	  0.096154	  0.134615	  0.000000	
  0.096154	  0.038462	  0.000000	  0.865385	
  0.057692	  0.038462	  0.769231	  0.134615	
  0.000000	  0.000000	  0.884615	  0.115385	
  0.980769	  0.000000	  0.019231	  0.000000	

MOTIF SP1.2_1.ZLAB SP1

letter-probability matrix: alength= 4 w= 12 nsites= 20 E= 0
  0.083077	  0.150769	  0.215385	  0.550769	
  0.058462	  0.575385	  0.153846	  0.212308	
  0.000000	  0.473846	  0.040000	  0.486154	
  0.027692	  0.390769	  0.393846	  0.187692	
  1.000000	  0.000000	  0.000000	  0.000000	
  0.003077	  0.036923	  0.000000	  0.960000	
  0.006154	  0.000000	  0.000000	  0.993846	
  0.000000	  0.000000	  1.000000	  0.000000	
  0.003077	  0.000000	  0.996923	  0.000000	
  0.089231	  0.507692	  0.070769	  0.332308	
  0.006154	  0.476923	  0.080000	  0.436923	
  0.307692	  0.230769	  0.320000	  0.141538	

MOTIF SP1.2_2.ZLAB SP1

letter-probability matrix: alength= 4 w= 14 nsites= 20 E= 0
  0.357759	  0.073276	  0.538793	  0.030172	
  0.198276	  0.000000	  0.659483	  0.142241	
  0.280172	  0.000000	  0.719828	  0.000000	
  0.021552	  0.000000	  0.978448	  0.000000	
  0.000000	  0.021552	  0.978448	  0.000000	
  0.047414	  0.814655	  0.000000	  0.137931	
  0.038793	  0.000000	  0.961207	  0.000000	
  0.000000	  0.000000	  0.913793	  0.086207	
  0.133621	  0.000000	  0.836207	  0.030172	
  0.168103	  0.193966	  0.556034	  0.081897	
  0.125000	  0.689655	  0.025862	  0.159483	
  0.107759	  0.456897	  0.206897	  0.228448	
  0.254310	  0.129310	  0.262931	  0.353448	
  0.215517	  0.172414	  0.512931	  0.099138	

MOTIF SP1.2_3.ZLAB SP1

letter-probability matrix: alength= 4 w= 7 nsites= 20 E= 0
  0.000000	  1.000000	  0.000000	  0.000000	
  0.000000	  1.000000	  0.000000	  0.000000	
  1.000000	  0.000000	  0.000000	  0.000000	
  1.000000	  0.000000	  0.000000	  0.000000	
  0.000000	  0.000000	  0.000000	  1.000000	
  0.185714	  0.452381	  0.309524	  0.052381	
  0.447619	  0.119048	  0.433333	  0.000000	

MOTIF SP1.2_4.ZLAB SP1

letter-probability matrix: alength= 4 w= 27 nsites= 20 E= 0
  0.177419	  0.129032	  0.612903	  0.080645	
  0.064516	  0.032258	  0.870968	  0.032258	
  0.080645	  0.596774	  0.145161	  0.177419	
  0.145161	  0.338710	  0.258065	  0.258065	
  0.193548	  0.112903	  0.580645	  0.112903	
  0.145161	  0.290323	  0.500000	  0.064516	
  0.354839	  0.306452	  0.209677	  0.129032	
  0.048387	  0.370968	  0.435484	  0.145161	
  0.177419	  0.258065	  0.467742	  0.096774	
  0.032258	  0.306452	  0.564516	  0.096774	
  0.967742	  0.016129	  0.016129	  0.000000	
  0.951613	  0.000000	  0.032258	  0.016129	
  0.806452	  0.000000	  0.145161	  0.048387	
  0.661290	  0.016129	  0.290323	  0.032258	
  0.000000	  0.838710	  0.064516	  0.096774	
  0.064516	  0.870968	  0.064516	  0.000000	
  0.032258	  0.870968	  0.000000	  0.096774	
  0.000000	  0.000000	  1.000000	  0.000000	
  0.016129	  0.000000	  0.951613	  0.032258	
  0.516129	  0.306452	  0.129032	  0.048387	
  0.048387	  0.338710	  0.451613	  0.161290	
  0.080645	  0.387097	  0.112903	  0.419355	
  0.064516	  0.096774	  0.774194	  0.064516	
  0.064516	  0.241935	  0.677419	  0.016129	
  0.548387	  0.096774	  0.274194	  0.080645	
  0.080645	  0.129032	  0.419355	  0.370968	
  0.161290	  0.274194	  0.145161	  0.419355	

MOTIF SP1.2_5.ZLAB SP1

letter-probability matrix: alength= 4 w= 27 nsites= 20 E= 0
  0.209302	  0.139535	  0.209302	  0.441860	
  0.069767	  0.395349	  0.232558	  0.302326	
  0.046512	  0.534884	  0.023256	  0.395349	
  0.046512	  0.348837	  0.488372	  0.116279	
  0.581395	  0.023256	  0.348837	  0.046512	
  0.046512	  0.069767	  0.023256	  0.860465	
  0.186047	  0.023256	  0.046512	  0.744186	
  0.116279	  0.000000	  0.860465	  0.023256	
  0.023256	  0.046512	  0.930233	  0.000000	
  0.023256	  0.488372	  0.093023	  0.395349	
  0.069767	  0.395349	  0.046512	  0.488372	
  0.232558	  0.348837	  0.348837	  0.069767	
  0.348837	  0.139535	  0.302326	  0.209302	
  0.232558	  0.325581	  0.302326	  0.139535	
  0.255814	  0.093023	  0.511628	  0.139535	
  0.116279	  0.395349	  0.255814	  0.232558	
  0.255814	  0.209302	  0.372093	  0.162791	
  0.139535	  0.395349	  0.279070	  0.186047	
  0.162791	  0.651163	  0.139535	  0.046512	
  0.046512	  0.395349	  0.000000	  0.558140	
  0.093023	  0.023256	  0.883721	  0.000000	
  0.000000	  0.348837	  0.000000	  0.651163	
  0.046512	  0.930233	  0.000000	  0.023256	
  0.441860	  0.372093	  0.023256	  0.162791	
  0.279070	  0.372093	  0.348837	  0.000000	
  0.000000	  0.000000	  0.046512	  0.953488	
  0.000000	  0.976744	  0.000000	  0.023256	

MOTIF Sp1.TF2DNA Sp1

letter-probability matrix: alength= 4 w= 6 nsites= 20 E= 0
  0.000000	  1.000000	  0.000000	  0.000000	
  0.000000	  0.298000	  0.702000	  0.000000	
  0.000000	  1.000000	  0.000000	  0.000000	
  0.000000	  1.000000	  0.000000	  0.000000	
  0.149000	  0.496000	  0.138000	  0.217000	
  0.169000	  0.327000	  0.129000	  0.375000	

MOTIF SP1.SWISSREGULON SP1.p2

letter-probability matrix: alength= 4 w= 13 nsites= 20 E= 0
  0.211111	  0.203704	  0.522222	  0.062963	
  0.122222	  0.051852	  0.688889	  0.137037	
  0.133333	  0.000000	  0.866667	  0.000000	
  0.000000	  0.000000	  1.000000	  0.000000	
  0.000000	  0.000000	  1.000000	  0.000000	
  0.174074	  0.737037	  0.000000	  0.088889	
  0.048148	  0.000000	  0.951852	  0.000000	
  0.000000	  0.000000	  0.955556	  0.044444	
  0.151852	  0.000000	  0.807407	  0.040741	
  0.074074	  0.088889	  0.800000	  0.037037	
  0.107407	  0.644444	  0.133333	  0.114815	
  0.096296	  0.429630	  0.285185	  0.188889	
  0.178439	  0.115242	  0.460967	  0.245353	

MOTIF M1906_1.02.CIS-BP SP1

letter-probability matrix: alength= 4 w= 10 nsites= 20 E= 0
  0.151477	  0.000000	  0.727845	  0.120678	
  0.235287	  0.000000	  0.764713	  0.000000	
  0.000000	  0.000000	  1.000000	  0.000000	
  0.000000	  0.000000	  1.000000	  0.000000	
  0.314976	  0.529425	  0.000000	  0.155599	
  0.008358	  0.000000	  0.991642	  0.000000	
  0.000000	  0.000000	  1.000000	  0.000000	
  0.221204	  0.000000	  0.767460	  0.011335	
  0.214907	  0.073506	  0.711587	  0.000000	
  0.208381	  0.489008	  0.204488	  0.098122	

