MEME version 4.4

ALPHABET= ACGT

strands: + -

Background letter frequencies (from uniform background):
A 0.25000 C 0.25000 G 0.25000 T 0.25000 

MOTIF MA0037.2.JASPAR GATA3

letter-probability matrix: alength= 4 w= 7 nsites= 20 E= 0
  0.000000	  0.000000	  1.000000	  0.000000	
  1.000000	  0.000000	  0.000000	  0.000000	
  0.000000	  0.000000	  0.000000	  1.000000	
  1.000000	  0.000000	  0.000000	  0.000000	
  1.000000	  0.000000	  0.000000	  0.000000	
  0.278738	  0.000000	  0.721262	  0.000000	
  0.604149	  0.153846	  0.242005	  0.000000	

MOTIF GATA3_si.HOCOMOCO GATA3

letter-probability matrix: alength= 4 w= 7 nsites= 20 E= 0
  0.685393	  0.078652	  0.022472	  0.213483	
  0.000000	  0.000000	  1.000000	  0.000000	
  1.000000	  0.000000	  0.000000	  0.000000	
  0.000000	  0.000000	  0.000000	  1.000000	
  0.876404	  0.000000	  0.011236	  0.112360	
  0.505618	  0.022472	  0.348315	  0.123596	
  0.292135	  0.235955	  0.382022	  0.089888	

MOTIF GATA3_1.HOMER iTreg-Gata3-ChIP-Seq

letter-probability matrix: alength= 4 w= 14 nsites= 20 E= 0
  0.001000	  0.001000	  0.997000	  0.001000	
  0.981000	  0.017000	  0.001000	  0.001000	
  0.001000	  0.001000	  0.001000	  0.997000	
  0.027000	  0.245000	  0.538000	  0.190000	
  0.227000	  0.145000	  0.246000	  0.382000	
  0.301000	  0.127000	  0.336000	  0.236000	
  0.227000	  0.200000	  0.382000	  0.190000	
  0.836000	  0.001000	  0.001000	  0.162000	
  0.001000	  0.001000	  0.997000	  0.001000	
  0.997000	  0.001000	  0.001000	  0.001000	
  0.001000	  0.001000	  0.001000	  0.997000	
  0.872000	  0.001000	  0.001000	  0.126000	
  0.637000	  0.001000	  0.272000	  0.090000	
  0.236000	  0.244000	  0.429000	  0.090000	

MOTIF GATA3_2.HOMER iTreg-Gata3-ChIP-Seq

letter-probability matrix: alength= 4 w= 19 nsites= 20 E= 0
  0.001000	  0.001000	  0.997000	  0.001000	
  0.997000	  0.001000	  0.001000	  0.001000	
  0.001000	  0.001000	  0.001000	  0.997000	
  0.001000	  0.347000	  0.419000	  0.233000	
  0.186000	  0.108000	  0.269000	  0.438000	
  0.240000	  0.305000	  0.245000	  0.210000	
  0.342000	  0.126000	  0.257000	  0.275000	
  0.336000	  0.203000	  0.270000	  0.191000	
  0.311000	  0.312000	  0.179000	  0.198000	
  0.312000	  0.125000	  0.287000	  0.276000	
  0.054000	  0.502000	  0.420000	  0.024000	
  0.683000	  0.001000	  0.001000	  0.315000	
  0.001000	  0.001000	  0.997000	  0.001000	
  0.997000	  0.001000	  0.001000	  0.001000	
  0.001000	  0.001000	  0.001000	  0.997000	
  0.689000	  0.001000	  0.077000	  0.233000	
  0.498000	  0.024000	  0.334000	  0.143000	
  0.174000	  0.299000	  0.341000	  0.186000	
  0.330000	  0.221000	  0.209000	  0.239000	

MOTIF GATA3_3.HOMER iTreg-Gata3-ChIP-Seq

letter-probability matrix: alength= 4 w= 19 nsites= 20 E= 0
  0.290000	  0.191000	  0.277000	  0.242000	
  0.258000	  0.208000	  0.296000	  0.238000	
  0.305000	  0.221000	  0.255000	  0.219000	
  0.294000	  0.167000	  0.266000	  0.273000	
  0.167000	  0.337000	  0.307000	  0.189000	
  0.593000	  0.001000	  0.001000	  0.405000	
  0.001000	  0.001000	  0.997000	  0.001000	
  0.997000	  0.001000	  0.001000	  0.001000	
  0.001000	  0.001000	  0.001000	  0.997000	
  0.423000	  0.168000	  0.236000	  0.172000	
  0.391000	  0.001000	  0.213000	  0.395000	
  0.168000	  0.257000	  0.183000	  0.392000	
  0.997000	  0.001000	  0.001000	  0.001000	
  0.001000	  0.001000	  0.001000	  0.997000	
  0.001000	  0.997000	  0.001000	  0.001000	
  0.413000	  0.001000	  0.001000	  0.585000	
  0.197000	  0.298000	  0.334000	  0.172000	
  0.302000	  0.290000	  0.127000	  0.281000	
  0.253000	  0.245000	  0.212000	  0.290000	

MOTIF GATA3_4.HOMER iTreg-Gata3-ChIP-Seq

letter-probability matrix: alength= 4 w= 14 nsites= 20 E= 0
  0.614000	  0.001000	  0.001000	  0.384000	
  0.001000	  0.001000	  0.997000	  0.001000	
  0.997000	  0.001000	  0.001000	  0.001000	
  0.001000	  0.001000	  0.001000	  0.997000	
  0.382000	  0.189000	  0.183000	  0.246000	
  0.308000	  0.209000	  0.297000	  0.186000	
  0.184000	  0.280000	  0.202000	  0.334000	
  0.279000	  0.186000	  0.234000	  0.301000	
  0.997000	  0.001000	  0.001000	  0.001000	
  0.001000	  0.001000	  0.001000	  0.997000	
  0.001000	  0.997000	  0.001000	  0.001000	
  0.381000	  0.001000	  0.001000	  0.617000	
  0.228000	  0.234000	  0.299000	  0.239000	
  0.245000	  0.276000	  0.204000	  0.275000	

MOTIF GATA3_5.HOMER iTreg-Gata3-ChIP-Seq

letter-probability matrix: alength= 4 w= 7 nsites= 20 E= 0
  0.001000	  0.007000	  0.991000	  0.001000	
  0.989000	  0.004000	  0.001000	  0.006000	
  0.002000	  0.023000	  0.001000	  0.974000	
  0.825000	  0.061000	  0.011000	  0.103000	
  0.778000	  0.048000	  0.129000	  0.045000	
  0.184000	  0.401000	  0.348000	  0.067000	
  0.433000	  0.167000	  0.359000	  0.041000	

MOTIF GATA_disc4.POUR GATA3_T-47D_encode-Myers_seq_hsa_DMSO-0.02pct-v041610.2-SC-268_r1:Trawler#3#Intergenic

letter-probability matrix: alength= 4 w= 7 nsites= 20 E= 0
  0.000000	  0.206897	  0.241379	  0.551724	
  0.000000	  1.000000	  0.000000	  0.000000	
  0.000000	  0.000000	  0.000000	  1.000000	
  0.000000	  0.000000	  1.000000	  0.000000	
  1.000000	  0.000000	  0.000000	  0.000000	
  0.000000	  0.000000	  0.000000	  1.000000	
  0.655172	  0.344828	  0.000000	  0.000000	

MOTIF GATA_disc5.POUR GATA3_T-47D_encode-Myers_seq_hsa_DMSO-0.02pct-v041610.2-SC-268_r1:Trawler#2#Intergenic

letter-probability matrix: alength= 4 w= 8 nsites= 20 E= 0
  0.000000	  0.000000	  1.000000	  0.000000	
  0.000000	  0.625000	  0.250000	  0.125000	
  0.000000	  1.000000	  0.000000	  0.000000	
  1.000000	  0.000000	  0.000000	  0.000000	
  1.000000	  0.000000	  0.000000	  0.000000	
  0.500000	  0.000000	  0.500000	  0.000000	
  0.000000	  1.000000	  0.000000	  0.000000	
  0.000000	  1.000000	  0.000000	  0.000000	

MOTIF GATA3_DBD.JOLMA GATA3

letter-probability matrix: alength= 4 w= 7 nsites= 20 E= 0
  0.000000	  0.000000	  1.000000	  0.000000	
  1.000000	  0.000000	  0.000000	  0.000000	
  0.000000	  0.000000	  0.000000	  1.000000	
  0.776771	  0.054366	  0.038715	  0.130148	
  0.616743	  0.115108	  0.165468	  0.102681	
  0.144221	  0.301166	  0.452810	  0.101803	
  0.371156	  0.209968	  0.309650	  0.109226	

MOTIF GATA3_full.JOLMA GATA3

letter-probability matrix: alength= 4 w= 7 nsites= 20 E= 0
  0.029424	  0.000000	  0.964691	  0.005885	
  0.951887	  0.012443	  0.000000	  0.035670	
  0.043235	  0.000000	  0.038030	  0.918735	
  0.800768	  0.026518	  0.038381	  0.134334	
  0.683239	  0.070854	  0.143197	  0.102709	
  0.165142	  0.318519	  0.425708	  0.090632	
  0.319390	  0.220915	  0.349891	  0.109804	

MOTIF UP00032_1.UNIPROBE Gata3_primary

letter-probability matrix: alength= 4 w= 21 nsites= 20 E= 0
  0.221834	  0.113385	  0.275380	  0.389400	
  0.297769	  0.136928	  0.134678	  0.430625	
  0.270099	  0.110415	  0.271106	  0.348380	
  0.265471	  0.090253	  0.223340	  0.420936	
  0.616582	  0.090091	  0.171960	  0.121367	
  0.197318	  0.107541	  0.406904	  0.288237	
  0.798258	  0.046950	  0.001406	  0.153385	
  0.003195	  0.002516	  0.989707	  0.004582	
  0.991503	  0.002748	  0.002617	  0.003132	
  0.005015	  0.002764	  0.003026	  0.989195	
  0.948394	  0.008932	  0.001344	  0.041330	
  0.973109	  0.004100	  0.004081	  0.018710	
  0.040365	  0.113905	  0.828185	  0.017545	
  0.736608	  0.130524	  0.113464	  0.019404	
  0.415921	  0.106101	  0.316613	  0.161365	
  0.376582	  0.170927	  0.155572	  0.296919	
  0.137731	  0.197151	  0.211055	  0.454064	
  0.324853	  0.122747	  0.246107	  0.306293	
  0.462490	  0.207311	  0.159392	  0.170807	
  0.380420	  0.188972	  0.311990	  0.118618	
  0.222178	  0.157873	  0.380486	  0.239463	

MOTIF UP00032_2.UNIPROBE Gata3_secondary

letter-probability matrix: alength= 4 w= 21 nsites= 20 E= 0
  0.136644	  0.182137	  0.205873	  0.475347	
  0.254263	  0.244280	  0.165207	  0.336250	
  0.240415	  0.207557	  0.237497	  0.314530	
  0.271041	  0.214702	  0.364395	  0.149863	
  0.095475	  0.320104	  0.191738	  0.392682	
  0.500902	  0.142722	  0.026556	  0.329820	
  0.051221	  0.023698	  0.897245	  0.027836	
  0.922410	  0.027509	  0.024058	  0.026023	
  0.030735	  0.070903	  0.024248	  0.874114	
  0.242120	  0.231992	  0.225143	  0.300745	
  0.106956	  0.220471	  0.283490	  0.389083	
  0.152079	  0.165830	  0.135066	  0.547025	
  0.839205	  0.051581	  0.060119	  0.049095	
  0.041204	  0.069147	  0.070830	  0.818819	
  0.051861	  0.848177	  0.027599	  0.072363	
  0.383793	  0.016807	  0.397470	  0.201931	
  0.381899	  0.215846	  0.255908	  0.146347	
  0.094792	  0.358651	  0.280905	  0.265652	
  0.296132	  0.181545	  0.178433	  0.343890	
  0.301997	  0.254722	  0.108566	  0.334714	
  0.349481	  0.270693	  0.137507	  0.242319	

MOTIF UP00032.1.ZHAO2011 sci09.v1_Gata3_1024

letter-probability matrix: alength= 4 w= 23 nsites= 20 E= 0
  0.230383	  0.242195	  0.267667	  0.259756	
  0.446674	  0.224041	  0.061058	  0.268226	
  0.040356	  0.023754	  0.932373	  0.003517	
  0.952100	  0.003061	  0.002797	  0.042042	
  0.029719	  0.003603	  0.011609	  0.955069	
  0.482911	  0.167307	  0.090002	  0.259779	
  0.479481	  0.128086	  0.185435	  0.206997	
  0.222969	  0.256475	  0.322800	  0.197756	
  0.311410	  0.215102	  0.284608	  0.188880	
  0.078074	  0.122429	  0.085054	  0.714443	
  0.096766	  0.044601	  0.821107	  0.037526	
  0.505066	  0.144259	  0.322590	  0.028084	
  0.286613	  0.611872	  0.029226	  0.072289	
  0.006475	  0.929633	  0.015553	  0.048338	
  0.009188	  0.169378	  0.002870	  0.818564	
  0.003716	  0.277234	  0.011442	  0.707608	
  0.018884	  0.045677	  0.014448	  0.920991	
  0.081009	  0.047054	  0.854373	  0.017564	
  0.363617	  0.312769	  0.257622	  0.065992	
  0.172719	  0.625068	  0.044459	  0.157754	
  0.047794	  0.879792	  0.016649	  0.055765	
  0.057222	  0.458410	  0.032715	  0.451653	
  0.033607	  0.340078	  0.187903	  0.438412	

MOTIF UP00032.2.ZHAO2011 sci09.v1_Gata3_4964

letter-probability matrix: alength= 4 w= 17 nsites= 20 E= 0
  0.275653	  0.230245	  0.239642	  0.254460	
  0.229876	  0.246544	  0.261790	  0.261790	
  0.426365	  0.220367	  0.078673	  0.274595	
  0.097751	  0.055836	  0.806271	  0.040142	
  0.837352	  0.017998	  0.054611	  0.090039	
  0.121030	  0.037941	  0.039887	  0.801142	
  0.455457	  0.170938	  0.113443	  0.260161	
  0.445862	  0.141176	  0.202352	  0.210610	
  0.239154	  0.248914	  0.310166	  0.201766	
  0.674329	  0.009137	  0.310391	  0.006144	
  0.487910	  0.071256	  0.000000	  0.440834	
  0.947799	  0.000000	  0.022085	  0.030116	
  0.991632	  0.000000	  0.000000	  0.008368	
  0.048996	  0.071955	  0.006175	  0.872874	
  0.000000	  0.033165	  0.037219	  0.929616	
  0.493661	  0.000000	  0.499401	  0.006937	
  0.022026	  0.000000	  0.977974	  0.000000	

MOTIF UP00032.3.ZHAO2011 sci09.v2_Gata3_1024

letter-probability matrix: alength= 4 w= 17 nsites= 20 E= 0
  0.226860	  0.245755	  0.271601	  0.255784	
  0.421508	  0.236002	  0.068295	  0.274195	
  0.084455	  0.049216	  0.842372	  0.023956	
  0.903801	  0.016064	  0.008139	  0.071996	
  0.071343	  0.028717	  0.030800	  0.869140	
  0.485274	  0.176746	  0.097000	  0.240980	
  0.449786	  0.136834	  0.192245	  0.221135	
  0.227316	  0.258874	  0.316190	  0.197619	
  0.305412	  0.221774	  0.281931	  0.190883	
  0.674329	  0.009137	  0.310391	  0.006144	
  0.487910	  0.071256	  0.000000	  0.440834	
  0.947799	  0.000000	  0.022085	  0.030116	
  0.991632	  0.000000	  0.000000	  0.008368	
  0.048996	  0.071955	  0.006175	  0.872874	
  0.000000	  0.033165	  0.037219	  0.929616	
  0.493661	  0.000000	  0.499401	  0.006937	
  0.022026	  0.000000	  0.977974	  0.000000	

MOTIF UP00032.4.ZHAO2011 sci09.v2_Gata3_4964

letter-probability matrix: alength= 4 w= 39 nsites= 20 E= 0
  0.199181	  0.309270	  0.250689	  0.240860	
  0.217106	  0.192556	  0.139824	  0.450513	
  0.250208	  0.100715	  0.174564	  0.474514	
  0.842648	  0.026750	  0.030464	  0.100138	
  0.073413	  0.025434	  0.006794	  0.894358	
  0.028498	  0.804186	  0.057388	  0.109929	
  0.267714	  0.078251	  0.221389	  0.432646	
  0.259083	  0.269657	  0.239164	  0.232096	
  0.250343	  0.235764	  0.228796	  0.285097	
  0.118539	  0.180228	  0.091280	  0.609953	
  0.071864	  0.258291	  0.485996	  0.183849	
  0.071309	  0.673354	  0.114634	  0.140703	
  0.210475	  0.519657	  0.040077	  0.229791	
  0.284499	  0.452972	  0.027656	  0.234874	
  0.304973	  0.270933	  0.098922	  0.325172	
  0.093868	  0.498179	  0.158931	  0.249023	
  0.201022	  0.244822	  0.026115	  0.528041	
  0.076761	  0.416644	  0.077541	  0.429054	
  0.076977	  0.863017	  0.012611	  0.047396	
  0.109853	  0.649253	  0.050915	  0.189979	
  0.078377	  0.553083	  0.008559	  0.359981	
  0.147635	  0.695903	  0.022874	  0.133588	
  0.833312	  0.045009	  0.083531	  0.038148	
  0.020722	  0.047571	  0.017538	  0.914169	
  0.008929	  0.088998	  0.029632	  0.872441	
  0.801415	  0.074467	  0.064902	  0.059216	
  0.020916	  0.318910	  0.288500	  0.371674	
  0.022751	  0.196487	  0.017965	  0.762796	
  0.146739	  0.293889	  0.410172	  0.149201	
  0.169715	  0.403427	  0.217145	  0.209713	
  0.305296	  0.071848	  0.299982	  0.322874	
  0.183565	  0.467146	  0.106286	  0.243004	
  0.286978	  0.256347	  0.267838	  0.188837	
  0.349049	  0.419530	  0.069340	  0.162081	
  0.221986	  0.449362	  0.172294	  0.156358	
  0.241489	  0.390625	  0.029385	  0.338501	
  0.063736	  0.399216	  0.020003	  0.517044	
  0.105133	  0.645337	  0.119669	  0.129861	
  0.356605	  0.272477	  0.182613	  0.188304	

MOTIF GATA3_1.3DFOOTPRINT GATA3

letter-probability matrix: alength= 4 w= 9 nsites= 20 E= 0
  0.583333	  0.135417	  0.135417	  0.145833	
  0.041667	  0.041667	  0.041667	  0.875000	
  0.062500	  0.812500	  0.062500	  0.062500	
  0.031250	  0.031250	  0.031250	  0.906250	
  0.000000	  0.000000	  1.000000	  0.000000	
  0.812500	  0.062500	  0.062500	  0.062500	
  0.000000	  0.000000	  0.000000	  1.000000	
  0.916667	  0.041667	  0.020833	  0.020833	
  0.770833	  0.072917	  0.083333	  0.072917	

MOTIF GATA3_2.3DFOOTPRINT GATA3

letter-probability matrix: alength= 4 w= 10 nsites= 20 E= 0
  0.000000	  0.125000	  0.000000	  0.875000	
  0.937500	  0.000000	  0.062500	  0.000000	
  0.000000	  0.062500	  0.000000	  0.937500	
  0.000000	  1.000000	  0.000000	  0.000000	
  0.687500	  0.062500	  0.062500	  0.187500	
  0.250000	  0.250000	  0.250000	  0.250000	
  0.000000	  0.000000	  0.000000	  1.000000	
  0.000000	  0.000000	  1.000000	  0.000000	
  0.687500	  0.125000	  0.125000	  0.062500	
  0.062500	  0.125000	  0.062500	  0.750000	

MOTIF GATA3_3.3DFOOTPRINT GATA3

letter-probability matrix: alength= 4 w= 3 nsites= 20 E= 0
  0.135417	  0.135417	  0.593750	  0.135417	
  1.000000	  0.000000	  0.000000	  0.000000	
  0.166667	  0.135417	  0.135417	  0.562500	

MOTIF GATA3_1.GUERTIN GATA3

letter-probability matrix: alength= 4 w= 11 nsites= 20 E= 0
  0.005464	  0.005464	  0.989071	  0.000000	
  0.989071	  0.000000	  0.000000	  0.010929	
  0.000000	  0.016393	  0.032787	  0.950820	
  0.721311	  0.114754	  0.054645	  0.109290	
  0.765027	  0.043716	  0.191257	  0.000000	
  0.420765	  0.169399	  0.377049	  0.032787	
  0.377049	  0.267760	  0.262295	  0.092896	
  1.000000	  0.000000	  0.000000	  0.000000	
  0.043716	  0.049180	  0.087432	  0.819672	
  0.049180	  0.912568	  0.005464	  0.032787	
  0.316940	  0.081967	  0.000000	  0.601093	

MOTIF GATA3_2.GUERTIN GATA3

letter-probability matrix: alength= 4 w= 11 nsites= 20 E= 0
  0.000000	  0.018405	  0.981595	  0.000000	
  0.895706	  0.067485	  0.000000	  0.036810	
  0.000000	  0.000000	  0.000000	  1.000000	
  0.055215	  0.411043	  0.300613	  0.233129	
  0.092025	  0.245399	  0.092025	  0.570552	
  0.116564	  0.098160	  0.000000	  0.785276	
  0.938650	  0.036810	  0.024540	  0.000000	
  0.000000	  0.000000	  0.000000	  1.000000	
  0.000000	  1.000000	  0.000000	  0.000000	
  0.276074	  0.042945	  0.000000	  0.680982	
  0.134969	  0.411043	  0.294479	  0.159509	

MOTIF GATA3_3.GUERTIN GATA3

letter-probability matrix: alength= 4 w= 6 nsites= 20 E= 0
  0.000000	  0.000000	  1.000000	  0.000000	
  0.000000	  0.633570	  0.366430	  0.000000	
  0.000000	  1.000000	  0.000000	  0.000000	
  0.000000	  1.000000	  0.000000	  0.000000	
  0.494090	  0.000000	  0.000000	  0.505910	
  0.000000	  0.000000	  1.000000	  0.000000	

MOTIF GATA3_4.GUERTIN GATA3

letter-probability matrix: alength= 4 w= 6 nsites= 20 E= 0
  0.570621	  0.000000	  0.000000	  0.429379	
  0.000000	  0.000000	  1.000000	  0.000000	
  0.000000	  0.000000	  1.000000	  0.000000	
  0.000000	  0.573446	  0.426554	  0.000000	
  0.536723	  0.000000	  0.000000	  0.463277	
  0.000000	  0.000000	  1.000000	  0.000000	

MOTIF GATA3.2_1.ZLAB GATA3

letter-probability matrix: alength= 4 w= 14 nsites= 20 E= 0
  0.125000	  0.479167	  0.281250	  0.114583	
  0.562500	  0.010417	  0.020833	  0.406250	
  0.010417	  0.010417	  0.979167	  0.000000	
  0.885417	  0.041667	  0.010417	  0.062500	
  0.000000	  0.000000	  0.000000	  1.000000	
  0.114583	  0.156250	  0.312500	  0.416667	
  0.062500	  0.437500	  0.281250	  0.218750	
  0.114583	  0.322917	  0.000000	  0.562500	
  0.260417	  0.020833	  0.083333	  0.635417	
  0.958333	  0.000000	  0.041667	  0.000000	
  0.000000	  0.000000	  0.000000	  1.000000	
  0.000000	  1.000000	  0.000000	  0.000000	
  0.364583	  0.010417	  0.000000	  0.625000	
  0.093750	  0.312500	  0.395833	  0.197917	

MOTIF GATA3.2_2.ZLAB GATA3

letter-probability matrix: alength= 4 w= 14 nsites= 20 E= 0
  0.299270	  0.043796	  0.000000	  0.656934	
  0.000000	  0.014599	  0.963504	  0.021898	
  0.744526	  0.021898	  0.036496	  0.197080	
  0.000000	  0.021898	  0.065693	  0.912409	
  0.291971	  0.248175	  0.226277	  0.233577	
  0.328467	  0.175182	  0.189781	  0.306569	
  0.167883	  0.401460	  0.058394	  0.372263	
  0.992701	  0.000000	  0.000000	  0.007299	
  0.000000	  0.014599	  0.094891	  0.890511	
  0.000000	  0.927007	  0.029197	  0.043796	
  0.211679	  0.021898	  0.000000	  0.766423	
  0.102190	  0.452555	  0.328467	  0.116788	
  0.182482	  0.277372	  0.000000	  0.540146	
  0.065693	  0.109489	  0.510949	  0.313869	

MOTIF GATA3.2_3.ZLAB GATA3

letter-probability matrix: alength= 4 w= 10 nsites= 20 E= 0
  0.420213	  0.138298	  0.382979	  0.058511	
  0.500000	  0.021277	  0.191489	  0.287234	
  0.244681	  0.000000	  0.755319	  0.000000	
  0.069149	  0.462766	  0.000000	  0.468085	
  0.914894	  0.085106	  0.000000	  0.000000	
  0.845745	  0.154255	  0.000000	  0.000000	
  1.000000	  0.000000	  0.000000	  0.000000	
  0.000000	  0.861702	  0.000000	  0.138298	
  0.968085	  0.000000	  0.000000	  0.031915	
  0.186170	  0.164894	  0.382979	  0.265957	

MOTIF GATA3.2_4.ZLAB GATA3

letter-probability matrix: alength= 4 w= 10 nsites= 20 E= 0
  0.000000	  0.377953	  0.496063	  0.125984	
  0.000000	  0.968504	  0.000000	  0.031496	
  0.007874	  0.574803	  0.000000	  0.417323	
  0.338583	  0.456693	  0.102362	  0.102362	
  0.267717	  0.629921	  0.055118	  0.047244	
  0.913386	  0.000000	  0.055118	  0.031496	
  0.062992	  0.000000	  0.937008	  0.000000	
  0.007874	  0.078740	  0.913386	  0.000000	
  0.000000	  0.842520	  0.157480	  0.000000	
  0.503937	  0.338583	  0.000000	  0.157480	

MOTIF GATA3.2_5.ZLAB GATA3

letter-probability matrix: alength= 4 w= 26 nsites= 20 E= 0
  0.000000	  0.000000	  1.000000	  0.000000	
  0.166667	  0.000000	  0.000000	  0.833333	
  0.000000	  0.000000	  1.000000	  0.000000	
  0.166667	  0.000000	  0.000000	  0.833333	
  0.500000	  0.000000	  0.500000	  0.000000	
  0.000000	  0.333333	  0.000000	  0.666667	
  0.166667	  0.500000	  0.333333	  0.000000	
  0.000000	  0.000000	  0.000000	  1.000000	
  0.000000	  0.166667	  0.833333	  0.000000	
  0.000000	  0.333333	  0.000000	  0.666667	
  0.000000	  0.666667	  0.333333	  0.000000	
  0.166667	  0.000000	  0.000000	  0.833333	
  0.166667	  0.166667	  0.666667	  0.000000	
  0.000000	  0.000000	  0.000000	  1.000000	
  0.000000	  0.000000	  0.833333	  0.166667	
  0.000000	  0.000000	  0.000000	  1.000000	
  0.000000	  0.166667	  0.833333	  0.000000	
  0.166667	  0.000000	  0.000000	  0.833333	
  0.000000	  0.000000	  1.000000	  0.000000	
  0.166667	  0.000000	  0.000000	  0.833333	
  0.333333	  0.000000	  0.666667	  0.000000	
  0.000000	  0.000000	  0.000000	  1.000000	
  0.000000	  0.166667	  0.833333	  0.000000	
  0.000000	  0.000000	  0.000000	  1.000000	
  0.000000	  0.166667	  0.833333	  0.000000	
  0.000000	  0.333333	  0.000000	  0.666667	

MOTIF Gata3.TF2DNA Gata3

letter-probability matrix: alength= 4 w= 7 nsites= 20 E= 0
  0.594000	  0.000000	  0.035000	  0.371000	
  0.177000	  0.027000	  0.389000	  0.407000	
  0.000000	  0.000000	  0.000000	  1.000000	
  0.000000	  0.000000	  0.000000	  1.000000	
  0.000000	  0.140000	  0.000000	  0.860000	
  0.995000	  0.000000	  0.005000	  0.000000	
  0.261000	  0.410000	  0.154000	  0.175000	

MOTIF GATA3.SWISSREGULON GATA1..3.p2

letter-probability matrix: alength= 4 w= 5 nsites= 20 E= 0
  0.000000	  0.000000	  1.000000	  0.000000	
  1.000000	  0.000000	  0.000000	  0.000000	
  0.000000	  0.000000	  0.000000	  1.000000	
  0.436902	  0.000000	  0.515875	  0.047223	
  0.093604	  0.028671	  0.861401	  0.016324	

MOTIF M4665_1.02.CIS-BP GATA3

letter-probability matrix: alength= 4 w= 14 nsites= 20 E= 0
  0.597938	  0.000000	  0.020619	  0.381443	
  0.000000	  0.000000	  1.000000	  0.000000	
  1.000000	  0.000000	  0.000000	  0.000000	
  0.000000	  0.041237	  0.000000	  0.958763	
  0.649485	  0.051546	  0.000000	  0.298969	
  0.463918	  0.000000	  0.371134	  0.164948	
  0.195876	  0.257732	  0.412371	  0.134021	
  0.412371	  0.319588	  0.195876	  0.072165	
  1.000000	  0.000000	  0.000000	  0.000000	
  0.020619	  0.000000	  0.030928	  0.948453	
  0.000000	  0.938145	  0.051546	  0.010309	
  0.381443	  0.010309	  0.000000	  0.608248	
  0.123711	  0.319588	  0.443299	  0.113402	
  0.134021	  0.278351	  0.154639	  0.432990	

