MEME version 4.4

ALPHABET= ACGT

strands: + -

Background letter frequencies (from uniform background):
A 0.25000 C 0.25000 G 0.25000 T 0.25000 

MOTIF MA0052.2.JASPAR MEF2A

letter-probability matrix: alength= 4 w= 14 nsites= 20 E= 0
  0.114732	  0.101154	  0.424304	  0.359810	
  0.078751	  0.800407	  0.021724	  0.099117	
  0.000000	  0.321113	  0.000000	  0.678887	
  0.863544	  0.046164	  0.009504	  0.080788	
  0.684318	  0.000000	  0.080788	  0.234895	
  0.938900	  0.000000	  0.026477	  0.034623	
  0.917855	  0.003394	  0.000000	  0.078751	
  0.943652	  0.000000	  0.000000	  0.056348	
  0.004073	  0.000000	  0.000000	  0.995927	
  0.999321	  0.000000	  0.000000	  0.000679	
  0.156823	  0.033265	  0.787508	  0.022403	
  0.398506	  0.429056	  0.076035	  0.096402	
  0.359810	  0.277665	  0.074678	  0.287848	
  0.234216	  0.304820	  0.137814	  0.323150	

MOTIF MEF2A_f1.HOCOMOCO MEF2A

letter-probability matrix: alength= 4 w= 13 nsites= 20 E= 0
  0.293706	  0.069930	  0.307692	  0.328671	
  0.132867	  0.062937	  0.384615	  0.419580	
  0.006993	  0.734266	  0.069930	  0.188811	
  0.006993	  0.006993	  0.006993	  0.979021	
  0.965035	  0.013986	  0.006993	  0.013986	
  0.062937	  0.020979	  0.000000	  0.916084	
  0.230769	  0.000000	  0.000000	  0.769231	
  0.181818	  0.006993	  0.000000	  0.811189	
  0.538462	  0.000000	  0.000000	  0.461538	
  0.055944	  0.006993	  0.000000	  0.937063	
  0.972028	  0.000000	  0.027972	  0.000000	
  0.118881	  0.006993	  0.832168	  0.041958	
  0.363636	  0.454545	  0.076923	  0.104895	

MOTIF Mef2a.HOMER HL1-Mef2a.biotin-ChIP-Seq

letter-probability matrix: alength= 4 w= 9 nsites= 20 E= 0
  0.025000	  0.465000	  0.002000	  0.509000	
  0.409000	  0.171000	  0.172000	  0.250000	
  0.561000	  0.116000	  0.165000	  0.159000	
  0.746000	  0.049000	  0.180000	  0.026000	
  0.888000	  0.002000	  0.002000	  0.109000	
  0.926000	  0.003000	  0.002000	  0.070000	
  0.006000	  0.002000	  0.007000	  0.986000	
  0.924000	  0.002000	  0.073000	  0.002000	
  0.047000	  0.084000	  0.856000	  0.014000	

MOTIF MEF2_disc1.POUR MEF2C_GM12878_encode-Myers_seq_hsa_v041610.1-SC-13268_r1:MEME#2#Intergenic

letter-probability matrix: alength= 4 w= 14 nsites= 20 E= 0
  0.258197	  0.077869	  0.286885	  0.377049	
  0.122951	  0.110656	  0.409836	  0.356557	
  0.040984	  0.713114	  0.045082	  0.200820	
  0.000000	  0.045082	  0.000000	  0.954918	
  0.991803	  0.000000	  0.008197	  0.000000	
  0.098361	  0.000000	  0.000000	  0.901639	
  0.122951	  0.000000	  0.000000	  0.877049	
  0.004098	  0.057377	  0.000000	  0.938525	
  0.110656	  0.090164	  0.028689	  0.770491	
  0.110656	  0.049180	  0.139344	  0.700820	
  0.516394	  0.000000	  0.467213	  0.016393	
  0.168033	  0.049180	  0.598361	  0.184426	
  0.344262	  0.479508	  0.065574	  0.110656	
  0.377049	  0.225410	  0.094262	  0.303279	

MOTIF MEF2_disc2.POUR MEF2C_GM12878_encode-Myers_seq_hsa_v041610.1-SC-13268_r1:Trawler#2#Intergenic

letter-probability matrix: alength= 4 w= 8 nsites= 20 E= 0
  0.000000	  0.050000	  0.950000	  0.000000	
  0.000000	  0.000000	  1.000000	  0.000000	
  1.000000	  0.000000	  0.000000	  0.000000	
  1.000000	  0.000000	  0.000000	  0.000000	
  0.650000	  0.350000	  0.000000	  0.000000	
  0.000000	  0.050000	  0.000000	  0.950000	
  0.200000	  0.050000	  0.750000	  0.000000	
  1.000000	  0.000000	  0.000000	  0.000000	

MOTIF MEF2A_DBD.JOLMA MEF2A

letter-probability matrix: alength= 4 w= 11 nsites= 20 E= 0
  0.047398	  0.902416	  0.002788	  0.047398	
  0.000000	  0.009184	  0.000000	  0.990816	
  0.992843	  0.003067	  0.000000	  0.004090	
  0.531346	  0.000000	  0.002055	  0.466598	
  0.860816	  0.001773	  0.000000	  0.137411	
  0.950098	  0.000000	  0.000000	  0.049902	
  0.957594	  0.003945	  0.000000	  0.038462	
  0.000000	  0.002055	  0.000000	  0.997945	
  0.996920	  0.002053	  0.000000	  0.001027	
  0.143105	  0.004337	  0.842151	  0.010408	
  0.544715	  0.332430	  0.037037	  0.085818	

MOTIF MEF2A_1.3DFOOTPRINT MEF2A

letter-probability matrix: alength= 4 w= 15 nsites= 20 E= 0
  0.083333	  0.083333	  0.750000	  0.083333	
  0.250000	  0.250000	  0.250000	  0.250000	
  0.166667	  0.583333	  0.166667	  0.083333	
  0.000000	  0.000000	  0.000000	  1.000000	
  1.000000	  0.000000	  0.000000	  0.000000	
  0.250000	  0.250000	  0.250000	  0.250000	
  0.250000	  0.250000	  0.250000	  0.250000	
  0.250000	  0.250000	  0.250000	  0.250000	
  0.250000	  0.250000	  0.250000	  0.250000	
  0.000000	  0.000000	  0.000000	  1.000000	
  1.000000	  0.000000	  0.000000	  0.000000	
  0.166667	  0.166667	  0.500000	  0.166667	
  0.250000	  0.250000	  0.250000	  0.250000	
  0.000000	  1.000000	  0.000000	  0.000000	
  0.000000	  0.000000	  1.000000	  0.000000	

MOTIF MEF2A.3DFOOTPRINT MEF2A_2

letter-probability matrix: alength= 4 w= 5 nsites= 20 E= 0
  0.166667	  0.135417	  0.562500	  0.135417	
  0.250000	  0.250000	  0.250000	  0.250000	
  0.135417	  0.562500	  0.166667	  0.135417	
  0.000000	  0.000000	  0.000000	  1.000000	
  1.000000	  0.000000	  0.000000	  0.000000	

MOTIF MEF2A_3.3DFOOTPRINT MEF2A

letter-probability matrix: alength= 4 w= 9 nsites= 20 E= 0
  0.000000	  0.000000	  0.000000	  1.000000	
  0.697917	  0.093750	  0.114583	  0.093750	
  0.250000	  0.250000	  0.250000	  0.250000	
  0.250000	  0.250000	  0.250000	  0.250000	
  0.250000	  0.250000	  0.250000	  0.250000	
  0.250000	  0.250000	  0.250000	  0.250000	
  0.250000	  0.250000	  0.250000	  0.250000	
  0.697917	  0.114583	  0.093750	  0.093750	
  0.000000	  0.000000	  1.000000	  0.000000	

MOTIF MEF2A_4.3DFOOTPRINT MEF2A

letter-probability matrix: alength= 4 w= 9 nsites= 20 E= 0
  0.000000	  0.000000	  0.000000	  1.000000	
  0.697917	  0.093750	  0.114583	  0.093750	
  0.250000	  0.250000	  0.250000	  0.250000	
  0.250000	  0.250000	  0.250000	  0.250000	
  0.250000	  0.250000	  0.250000	  0.250000	
  0.250000	  0.250000	  0.250000	  0.250000	
  0.250000	  0.250000	  0.250000	  0.250000	
  1.000000	  0.000000	  0.000000	  0.000000	
  0.697917	  0.093750	  0.114583	  0.093750	

MOTIF MEF2A_5.3DFOOTPRINT MEF2A

letter-probability matrix: alength= 4 w= 9 nsites= 20 E= 0
  0.000000	  0.104167	  0.000000	  0.895833	
  0.718750	  0.093750	  0.093750	  0.093750	
  0.250000	  0.250000	  0.250000	  0.250000	
  0.250000	  0.250000	  0.250000	  0.250000	
  0.250000	  0.250000	  0.250000	  0.250000	
  0.250000	  0.250000	  0.250000	  0.250000	
  0.093750	  0.114583	  0.093750	  0.697917	
  0.895833	  0.000000	  0.104167	  0.000000	
  0.000000	  0.000000	  1.000000	  0.000000	

MOTIF MEF2A_6.3DFOOTPRINT MEF2A

letter-probability matrix: alength= 4 w= 8 nsites= 20 E= 0
  0.750000	  0.083333	  0.083333	  0.083333	
  0.250000	  0.250000	  0.250000	  0.250000	
  0.250000	  0.250000	  0.250000	  0.250000	
  0.250000	  0.250000	  0.250000	  0.250000	
  0.250000	  0.250000	  0.250000	  0.250000	
  0.083333	  0.083333	  0.083333	  0.750000	
  0.916667	  0.000000	  0.083333	  0.000000	
  0.083333	  0.083333	  0.750000	  0.083333	

MOTIF MEF2A_7.3DFOOTPRINT MEF2A

letter-probability matrix: alength= 4 w= 9 nsites= 20 E= 0
  0.000000	  0.000000	  0.000000	  1.000000	
  0.562500	  0.135417	  0.166667	  0.135417	
  0.250000	  0.250000	  0.250000	  0.250000	
  0.250000	  0.250000	  0.250000	  0.250000	
  0.250000	  0.250000	  0.250000	  0.250000	
  0.250000	  0.250000	  0.250000	  0.250000	
  0.135417	  0.135417	  0.135417	  0.593750	
  1.000000	  0.000000	  0.000000	  0.000000	
  0.000000	  0.000000	  1.000000	  0.000000	

MOTIF MEF2A_8.3DFOOTPRINT MEF2A

letter-probability matrix: alength= 4 w= 9 nsites= 20 E= 0
  0.000000	  0.000000	  0.000000	  1.000000	
  0.697917	  0.093750	  0.114583	  0.093750	
  0.250000	  0.250000	  0.250000	  0.250000	
  0.250000	  0.250000	  0.250000	  0.250000	
  0.250000	  0.250000	  0.250000	  0.250000	
  0.250000	  0.250000	  0.250000	  0.250000	
  0.093750	  0.093750	  0.114583	  0.697917	
  1.000000	  0.000000	  0.000000	  0.000000	
  0.697917	  0.093750	  0.114583	  0.093750	

MOTIF MEF2A_1.GUERTIN MEF2A

letter-probability matrix: alength= 4 w= 15 nsites= 20 E= 0
  0.292441	  0.146221	  0.304833	  0.256506	
  0.276332	  0.070632	  0.311029	  0.342007	
  0.104089	  0.071871	  0.425031	  0.399009	
  0.026022	  0.780669	  0.034696	  0.158612	
  0.000000	  0.014870	  0.000000	  0.985130	
  0.977695	  0.000000	  0.002478	  0.019827	
  0.078067	  0.002478	  0.000000	  0.919455	
  0.086741	  0.013631	  0.001239	  0.898389	
  0.043371	  0.058240	  0.000000	  0.898389	
  0.235440	  0.092937	  0.001239	  0.670384	
  0.112763	  0.013631	  0.099133	  0.774473	
  0.583643	  0.000000	  0.416357	  0.000000	
  0.079306	  0.033457	  0.776952	  0.110285	
  0.339529	  0.426270	  0.105328	  0.128872	
  0.302354	  0.281289	  0.097893	  0.318463	

MOTIF MEF2A_2.GUERTIN MEF2A

letter-probability matrix: alength= 4 w= 8 nsites= 20 E= 0
  0.000000	  0.000000	  0.000000	  1.000000	
  0.000000	  0.000000	  1.000000	  0.000000	
  1.000000	  0.000000	  0.000000	  0.000000	
  0.000000	  0.948529	  0.051471	  0.000000	
  0.000000	  0.000000	  0.000000	  1.000000	
  0.000000	  1.000000	  0.000000	  0.000000	
  1.000000	  0.000000	  0.000000	  0.000000	
  0.000000	  0.139706	  0.419118	  0.441176	

MOTIF MEF2A_3.GUERTIN MEF2A

letter-probability matrix: alength= 4 w= 19 nsites= 20 E= 0
  0.081967	  0.459016	  0.196721	  0.262295	
  0.043716	  0.759563	  0.060109	  0.136612	
  0.169399	  0.459016	  0.081967	  0.289617	
  0.016393	  0.371585	  0.267760	  0.344262	
  0.087432	  0.699454	  0.038251	  0.174863	
  0.054645	  0.546448	  0.027322	  0.371585	
  0.060109	  0.595628	  0.114754	  0.229508	
  0.049180	  0.732240	  0.021858	  0.196721	
  0.000000	  1.000000	  0.000000	  0.000000	
  0.398907	  0.000000	  0.016393	  0.584699	
  0.027322	  0.491803	  0.469945	  0.010929	
  0.071038	  0.617486	  0.081967	  0.229508	
  0.027322	  0.699454	  0.136612	  0.136612	
  0.021858	  0.836066	  0.087432	  0.054645	
  0.103825	  0.688525	  0.000000	  0.207650	
  0.109290	  0.415301	  0.218579	  0.256831	
  0.191257	  0.448087	  0.245902	  0.114754	
  0.142077	  0.437158	  0.289617	  0.131148	
  0.125683	  0.562842	  0.120219	  0.191257	

MOTIF MEF2A_4.GUERTIN MEF2A

letter-probability matrix: alength= 4 w= 19 nsites= 20 E= 0
  0.041667	  0.125000	  0.750000	  0.083333	
  0.250000	  0.000000	  0.125000	  0.625000	
  0.000000	  0.208333	  0.791667	  0.000000	
  0.083333	  0.000000	  0.041667	  0.875000	
  0.000000	  0.041667	  0.708333	  0.250000	
  0.000000	  0.000000	  0.000000	  1.000000	
  0.125000	  0.000000	  0.833333	  0.041667	
  0.083333	  0.125000	  0.000000	  0.791667	
  0.125000	  0.208333	  0.666667	  0.000000	
  0.000000	  0.083333	  0.083333	  0.833333	
  0.041667	  0.000000	  0.875000	  0.083333	
  0.125000	  0.125000	  0.083333	  0.666667	
  0.000000	  0.000000	  1.000000	  0.000000	
  0.000000	  0.041667	  0.000000	  0.958333	
  0.125000	  0.000000	  0.750000	  0.125000	
  0.125000	  0.000000	  0.041667	  0.833333	
  0.000000	  0.250000	  0.666667	  0.083333	
  0.041667	  0.083333	  0.166667	  0.708333	
  0.000000	  0.000000	  1.000000	  0.000000	

MOTIF MEF2.1_1.ZLAB MEF2

letter-probability matrix: alength= 4 w= 14 nsites= 20 E= 0
  0.290254	  0.105932	  0.258475	  0.345339	
  0.169492	  0.108051	  0.362288	  0.360169	
  0.146186	  0.635593	  0.050847	  0.167373	
  0.002119	  0.510593	  0.000000	  0.487288	
  0.692797	  0.137712	  0.029661	  0.139831	
  0.722458	  0.014831	  0.127119	  0.135593	
  0.942797	  0.000000	  0.046610	  0.010593	
  0.913136	  0.006356	  0.004237	  0.076271	
  0.923729	  0.000000	  0.004237	  0.072034	
  0.031780	  0.006356	  0.000000	  0.961864	
  0.953390	  0.000000	  0.046610	  0.000000	
  0.199153	  0.052966	  0.720339	  0.027542	
  0.398305	  0.375000	  0.091102	  0.135593	
  0.381356	  0.260593	  0.069915	  0.288136	

MOTIF MEF2.1_2.ZLAB MEF2

letter-probability matrix: alength= 4 w= 10 nsites= 20 E= 0
  0.300000	  0.015385	  0.630769	  0.053846	
  0.984615	  0.000000	  0.015385	  0.000000	
  0.969231	  0.000000	  0.030769	  0.000000	
  0.130769	  0.446154	  0.415385	  0.007692	
  0.200000	  0.000000	  0.015385	  0.784615	
  0.000000	  0.000000	  1.000000	  0.000000	
  0.823077	  0.023077	  0.153846	  0.000000	
  0.769231	  0.015385	  0.215385	  0.000000	
  0.930769	  0.000000	  0.000000	  0.069231	
  0.292308	  0.323077	  0.384615	  0.000000	

MOTIF MEF2.1_3.ZLAB MEF2

letter-probability matrix: alength= 4 w= 7 nsites= 20 E= 0
  0.000000	  0.000000	  0.000000	  1.000000	
  0.000000	  0.000000	  1.000000	  0.000000	
  1.000000	  0.000000	  0.000000	  0.000000	
  0.000000	  0.921875	  0.078125	  0.000000	
  0.000000	  0.000000	  0.000000	  1.000000	
  0.000000	  1.000000	  0.000000	  0.000000	
  1.000000	  0.000000	  0.000000	  0.000000	

MOTIF MEF2.1_4.ZLAB MEF2

letter-probability matrix: alength= 4 w= 20 nsites= 20 E= 0
  0.098039	  0.274510	  0.372549	  0.254902	
  0.196078	  0.196078	  0.607843	  0.000000	
  0.392157	  0.196078	  0.235294	  0.176471	
  0.196078	  0.000000	  0.588235	  0.215686	
  0.039216	  0.176471	  0.725490	  0.058824	
  0.078431	  0.235294	  0.470588	  0.215686	
  0.039216	  0.529412	  0.274510	  0.156863	
  0.137255	  0.019608	  0.215686	  0.627451	
  0.000000	  0.019608	  0.980392	  0.000000	
  0.019608	  0.176471	  0.666667	  0.137255	
  0.235294	  0.039216	  0.647059	  0.078431	
  0.000000	  0.039216	  0.725490	  0.235294	
  0.000000	  0.254902	  0.745098	  0.000000	
  0.176471	  0.392157	  0.137255	  0.294118	
  0.274510	  0.039216	  0.470588	  0.215686	
  0.019608	  0.058824	  0.803922	  0.117647	
  0.215686	  0.274510	  0.470588	  0.039216	
  0.196078	  0.019608	  0.470588	  0.313725	
  0.039216	  0.000000	  0.960784	  0.000000	
  0.176471	  0.313725	  0.509804	  0.000000	

MOTIF MEF2.1_5.ZLAB MEF2

letter-probability matrix: alength= 4 w= 7 nsites= 20 E= 0
  0.726190	  0.000000	  0.273810	  0.000000	
  0.714286	  0.000000	  0.285714	  0.000000	
  0.000000	  1.000000	  0.000000	  0.000000	
  0.000000	  1.000000	  0.000000	  0.000000	
  1.000000	  0.000000	  0.000000	  0.000000	
  0.000000	  1.000000	  0.000000	  0.000000	
  1.000000	  0.000000	  0.000000	  0.000000	

MOTIF Mef2a.TF2DNA Mef2a

letter-probability matrix: alength= 4 w= 7 nsites= 20 E= 0
  0.000000	  0.000000	  0.011000	  0.989000	
  1.000000	  0.000000	  0.000000	  0.000000	
  1.000000	  0.000000	  0.000000	  0.000000	
  0.719000	  0.109000	  0.000000	  0.172000	
  0.269000	  0.235000	  0.120000	  0.375000	
  0.283000	  0.309000	  0.099000	  0.309000	
  0.110000	  0.000000	  0.000000	  0.890000	

MOTIF MEF2A.SWISSREGULON MEF2{A,B,C,D}.p2

letter-probability matrix: alength= 4 w= 9 nsites= 20 E= 0
  0.000000	  0.005897	  0.000000	  0.994103	
  0.992012	  0.004000	  0.003988	  0.000000	
  0.024058	  0.019650	  0.000000	  0.956293	
  0.029680	  0.009983	  0.000000	  0.960337	
  0.009955	  0.008022	  0.000000	  0.982023	
  0.439655	  0.005922	  0.000000	  0.554423	
  0.043425	  0.019745	  0.001937	  0.934893	
  0.974191	  0.000000	  0.025809	  0.000000	
  0.121768	  0.011724	  0.836727	  0.029781	

MOTIF M1884_1.02.CIS-BP MEF2A

letter-probability matrix: alength= 4 w= 14 nsites= 20 E= 0
  0.114732	  0.101154	  0.424304	  0.359810	
  0.078751	  0.800407	  0.021724	  0.099117	
  0.000000	  0.321113	  0.000000	  0.678887	
  0.863544	  0.046164	  0.009504	  0.080788	
  0.684318	  0.000000	  0.080788	  0.234895	
  0.938900	  0.000000	  0.026477	  0.034623	
  0.917855	  0.003394	  0.000000	  0.078751	
  0.943652	  0.000000	  0.000000	  0.056348	
  0.004073	  0.000000	  0.000000	  0.995927	
  0.999321	  0.000000	  0.000000	  0.000679	
  0.156823	  0.033265	  0.787508	  0.022403	
  0.398506	  0.429056	  0.076035	  0.096402	
  0.359810	  0.277665	  0.074678	  0.287848	
  0.234216	  0.304820	  0.137814	  0.323150	

