MEME version 4.4

ALPHABET= ACGT

strands: + -

Background letter frequencies (from uniform background):
A 0.25000 C 0.25000 G 0.25000 T 0.25000 

MOTIF E2A_1.HOMER proBcell-E2A-ChIP-Seq

letter-probability matrix: alength= 4 w= 9 nsites= 20 E= 0
  0.292000	  0.294000	  0.253000	  0.161000	
  0.428000	  0.218000	  0.353000	  0.001000	
  0.001000	  0.997000	  0.001000	  0.001000	
  0.997000	  0.001000	  0.001000	  0.001000	
  0.001000	  0.238000	  0.753000	  0.008000	
  0.001000	  0.871000	  0.127000	  0.001000	
  0.001000	  0.001000	  0.001000	  0.997000	
  0.001000	  0.001000	  0.997000	  0.001000	
  0.007000	  0.476000	  0.178000	  0.339000	

MOTIF E2A_2.HOMER Bcell-PU.1-ChIP-Seq

letter-probability matrix: alength= 4 w= 9 nsites= 20 E= 0
  0.316000	  0.261000	  0.257000	  0.166000	
  0.001000	  0.997000	  0.001000	  0.001000	
  0.997000	  0.001000	  0.001000	  0.001000	
  0.001000	  0.997000	  0.001000	  0.001000	
  0.001000	  0.997000	  0.001000	  0.001000	
  0.001000	  0.001000	  0.001000	  0.997000	
  0.001000	  0.001000	  0.997000	  0.001000	
  0.135000	  0.370000	  0.251000	  0.244000	
  0.279000	  0.268000	  0.213000	  0.240000	

MOTIF E-box.HOMER Promoter

letter-probability matrix: alength= 4 w= 11 nsites= 20 E= 0
  0.104000	  0.417000	  0.369000	  0.110000	
  0.070000	  0.234000	  0.603000	  0.094000	
  0.073000	  0.122000	  0.795000	  0.010000	
  0.008000	  0.127000	  0.030000	  0.835000	
  0.001000	  0.997000	  0.001000	  0.001000	
  0.990000	  0.004000	  0.002000	  0.005000	
  0.002000	  0.931000	  0.003000	  0.064000	
  0.105000	  0.022000	  0.872000	  0.001000	
  0.002000	  0.002000	  0.001000	  0.995000	
  0.001000	  0.001000	  0.997000	  0.001000	
  0.726000	  0.047000	  0.223000	  0.004000	

MOTIF TCF3_DBD.JOLMA TCF3

letter-probability matrix: alength= 4 w= 9 nsites= 20 E= 0
  0.438902	  0.169381	  0.364406	  0.027311	
  0.000000	  1.000000	  0.000000	  0.000000	
  0.996932	  0.000639	  0.000000	  0.002429	
  0.000000	  0.832604	  0.133554	  0.033842	
  0.000000	  0.943732	  0.056268	  0.000000	
  0.005454	  0.004439	  0.000888	  0.989219	
  0.003439	  0.002674	  0.993250	  0.000637	
  0.032440	  0.386460	  0.253622	  0.327478	
  0.264906	  0.178613	  0.268368	  0.288114	

MOTIF UP00058_1.UNIPROBE Tcf3_primary

letter-probability matrix: alength= 4 w= 16 nsites= 20 E= 0
  0.371100	  0.233868	  0.122934	  0.272098	
  0.249563	  0.171285	  0.128851	  0.450301	
  0.582940	  0.043382	  0.129099	  0.244578	
  0.041400	  0.395349	  0.497087	  0.066163	
  0.759123	  0.009670	  0.005936	  0.225270	
  0.056579	  0.008662	  0.003986	  0.930772	
  0.043968	  0.865783	  0.056001	  0.034249	
  0.962748	  0.003731	  0.003265	  0.030256	
  0.971318	  0.003542	  0.012299	  0.012841	
  0.937558	  0.003991	  0.020195	  0.038256	
  0.125931	  0.057976	  0.798081	  0.018012	
  0.209401	  0.172342	  0.483980	  0.134277	
  0.485703	  0.129227	  0.309936	  0.075134	
  0.397027	  0.195902	  0.152395	  0.254676	
  0.311636	  0.231510	  0.157732	  0.299122	
  0.320965	  0.206031	  0.164299	  0.308705	

MOTIF UP00046_1.UNIPROBE Tcfe2a_primary

letter-probability matrix: alength= 4 w= 16 nsites= 20 E= 0
  0.165668	  0.171480	  0.222584	  0.440269	
  0.213008	  0.429038	  0.156385	  0.201569	
  0.283226	  0.329518	  0.160795	  0.226461	
  0.439156	  0.283517	  0.251270	  0.026056	
  0.014994	  0.980987	  0.000714	  0.003304	
  0.975741	  0.020182	  0.002909	  0.001168	
  0.000926	  0.191353	  0.801648	  0.006073	
  0.015382	  0.090853	  0.893043	  0.000721	
  0.001549	  0.005912	  0.001713	  0.990826	
  0.004000	  0.000857	  0.989667	  0.005475	
  0.016957	  0.663726	  0.148127	  0.171190	
  0.299047	  0.091156	  0.448649	  0.161148	
  0.354701	  0.214677	  0.236757	  0.193865	
  0.399446	  0.174508	  0.200036	  0.226009	
  0.303545	  0.277435	  0.200094	  0.218926	
  0.380242	  0.148876	  0.163367	  0.307514	

MOTIF UP00058_2.UNIPROBE Tcf3_secondary

letter-probability matrix: alength= 4 w= 14 nsites= 20 E= 0
  0.192382	  0.237864	  0.390655	  0.179099	
  0.134397	  0.374785	  0.355693	  0.135126	
  0.113675	  0.477609	  0.347988	  0.060728	
  0.187411	  0.212669	  0.392109	  0.207811	
  0.497832	  0.111474	  0.194855	  0.195838	
  0.526043	  0.126712	  0.214265	  0.132981	
  0.433876	  0.180023	  0.104860	  0.281242	
  0.539525	  0.140192	  0.113374	  0.206909	
  0.397301	  0.176842	  0.115802	  0.310056	
  0.529441	  0.199807	  0.148595	  0.122158	
  0.485035	  0.166231	  0.150350	  0.198384	
  0.532479	  0.165910	  0.177757	  0.123854	
  0.351189	  0.173665	  0.138509	  0.336637	
  0.260688	  0.223764	  0.189060	  0.326488	

MOTIF UP00046_2.UNIPROBE Tcfe2a_secondary

letter-probability matrix: alength= 4 w= 16 nsites= 20 E= 0
  0.410113	  0.201959	  0.303149	  0.084779	
  0.267313	  0.132645	  0.452057	  0.147985	
  0.187929	  0.136827	  0.427628	  0.247616	
  0.198671	  0.425254	  0.234160	  0.141915	
  0.029244	  0.953929	  0.004092	  0.012734	
  0.954570	  0.014314	  0.018695	  0.012421	
  0.010025	  0.055055	  0.845504	  0.089415	
  0.874802	  0.040849	  0.069178	  0.015172	
  0.015084	  0.010551	  0.008736	  0.965628	
  0.012981	  0.007192	  0.965036	  0.014791	
  0.037724	  0.016891	  0.495632	  0.449753	
  0.021685	  0.438927	  0.056118	  0.483270	
  0.209872	  0.365671	  0.139706	  0.284751	
  0.151815	  0.336912	  0.289382	  0.221891	
  0.152995	  0.262354	  0.416434	  0.168217	
  0.227567	  0.187603	  0.447892	  0.136938	

MOTIF UP00058.1.ZHAO2011 sci09.v1_Tcf3_3787

letter-probability matrix: alength= 4 w= 9 nsites= 20 E= 0
  0.236237	  0.193414	  0.104046	  0.466303	
  0.149470	  0.150972	  0.074970	  0.624588	
  0.190251	  0.118908	  0.026799	  0.664043	
  0.170429	  0.208162	  0.423400	  0.198010	
  0.452497	  0.156770	  0.132262	  0.258471	
  0.236719	  0.180707	  0.155536	  0.427039	
  0.198210	  0.330078	  0.281274	  0.190438	
  0.223018	  0.251452	  0.205872	  0.319658	
  0.230506	  0.259895	  0.259895	  0.249704	

MOTIF UP00058.2.ZHAO2011 sci09.v2_Tcf3_3787

letter-probability matrix: alength= 4 w= 9 nsites= 20 E= 0
  0.359201	  0.189404	  0.220056	  0.231339	
  0.171068	  0.327687	  0.302493	  0.198752	
  0.420539	  0.127937	  0.183376	  0.268148	
  0.250246	  0.161167	  0.154848	  0.433739	
  0.188328	  0.427598	  0.210226	  0.173848	
  0.602550	  0.103666	  0.112300	  0.181485	
  0.516803	  0.160399	  0.124918	  0.197880	
  0.525207	  0.106037	  0.169659	  0.199097	
  0.223234	  0.227744	  0.386921	  0.162101	

MOTIF UP00046.1.ZHAO2011 sci09.v1_Tcfe2a_3865

letter-probability matrix: alength= 4 w= 9 nsites= 20 E= 0
  0.358034	  0.252302	  0.308162	  0.081502	
  0.004437	  0.992226	  0.001363	  0.001974	
  0.996008	  0.001341	  0.001606	  0.001045	
  0.002657	  0.763029	  0.090676	  0.143638	
  0.008328	  0.870960	  0.116699	  0.004013	
  0.006515	  0.009062	  0.017533	  0.966890	
  0.002373	  0.000891	  0.986417	  0.010320	
  0.091703	  0.350219	  0.313738	  0.244340	
  0.275886	  0.219201	  0.265069	  0.239844	

MOTIF UP00046.2.ZHAO2011 sci09.v2_Tcfe2a_3865

letter-probability matrix: alength= 4 w= 9 nsites= 20 E= 0
  0.229388	  0.342206	  0.338801	  0.089605	
  0.013044	  0.980727	  0.002222	  0.004008	
  0.955556	  0.019733	  0.011615	  0.013096	
  0.003533	  0.103758	  0.881882	  0.010827	
  0.101723	  0.080018	  0.814236	  0.004024	
  0.006072	  0.006133	  0.001722	  0.986072	
  0.002524	  0.001486	  0.988330	  0.007660	
  0.081382	  0.336688	  0.264848	  0.317081	
  0.181412	  0.252339	  0.287371	  0.278878	

MOTIF TCF3_1.GUERTIN TCF3

letter-probability matrix: alength= 4 w= 19 nsites= 20 E= 0
  0.200000	  0.775000	  0.025000	  0.000000	
  0.916667	  0.008333	  0.033333	  0.041667	
  0.000000	  0.541667	  0.166667	  0.291667	
  0.683333	  0.075000	  0.225000	  0.016667	
  0.158333	  0.441667	  0.016667	  0.383333	
  0.400000	  0.183333	  0.333333	  0.083333	
  0.000000	  0.983333	  0.000000	  0.016667	
  0.950000	  0.008333	  0.016667	  0.025000	
  0.050000	  0.591667	  0.066667	  0.291667	
  0.358333	  0.033333	  0.233333	  0.375000	
  0.000000	  0.458333	  0.083333	  0.458333	
  0.400000	  0.016667	  0.425000	  0.158333	
  0.025000	  0.950000	  0.025000	  0.000000	
  0.908333	  0.016667	  0.025000	  0.050000	
  0.075000	  0.633333	  0.275000	  0.016667	
  0.950000	  0.000000	  0.050000	  0.000000	
  0.150000	  0.491667	  0.041667	  0.316667	
  0.608333	  0.033333	  0.141667	  0.216667	
  0.075000	  0.841667	  0.000000	  0.083333	

MOTIF TCF3_2.GUERTIN TCF3

letter-probability matrix: alength= 4 w= 8 nsites= 20 E= 0
  0.000000	  1.000000	  0.000000	  0.000000	
  0.997868	  0.000000	  0.000000	  0.002132	
  0.000000	  0.473348	  0.462687	  0.063966	
  0.000000	  1.000000	  0.000000	  0.000000	
  0.000000	  0.000000	  0.000000	  1.000000	
  0.000000	  0.000000	  1.000000	  0.000000	
  0.000000	  0.498934	  0.311301	  0.189765	
  0.144989	  0.407249	  0.117271	  0.330490	

MOTIF TCF3_3.GUERTIN TCF3

letter-probability matrix: alength= 4 w= 19 nsites= 20 E= 0
  0.047619	  0.000000	  0.952381	  0.000000	
  0.000000	  0.095238	  0.095238	  0.809524	
  0.000000	  0.000000	  0.000000	  1.000000	
  0.000000	  0.000000	  0.000000	  1.000000	
  0.000000	  0.000000	  0.095238	  0.904762	
  0.000000	  0.000000	  1.000000	  0.000000	
  1.000000	  0.000000	  0.000000	  0.000000	
  0.952381	  0.047619	  0.000000	  0.000000	
  0.904762	  0.047619	  0.047619	  0.000000	
  0.047619	  0.904762	  0.000000	  0.047619	
  0.761905	  0.000000	  0.000000	  0.238095	
  0.000000	  0.857143	  0.095238	  0.047619	
  0.095238	  0.000000	  0.047619	  0.857143	
  0.000000	  0.904762	  0.000000	  0.095238	
  0.000000	  0.047619	  0.000000	  0.952381	
  0.000000	  0.000000	  0.047619	  0.952381	
  0.000000	  0.000000	  0.000000	  1.000000	
  0.000000	  0.142857	  0.047619	  0.809524	
  0.000000	  0.047619	  0.000000	  0.952381	

MOTIF TCF3_4.GUERTIN TCF3

letter-probability matrix: alength= 4 w= 19 nsites= 20 E= 0
  0.750000	  0.250000	  0.000000	  0.000000	
  0.416667	  0.000000	  0.000000	  0.583333	
  0.208333	  0.083333	  0.583333	  0.125000	
  0.354167	  0.354167	  0.291667	  0.000000	
  0.895833	  0.000000	  0.000000	  0.104167	
  0.854167	  0.145833	  0.000000	  0.000000	
  0.708333	  0.229167	  0.000000	  0.062500	
  0.166667	  0.541667	  0.000000	  0.291667	
  0.937500	  0.020833	  0.000000	  0.041667	
  0.291667	  0.125000	  0.166667	  0.416667	
  0.312500	  0.583333	  0.000000	  0.104167	
  0.645833	  0.020833	  0.145833	  0.187500	
  0.354167	  0.395833	  0.000000	  0.250000	
  0.583333	  0.312500	  0.104167	  0.000000	
  0.895833	  0.000000	  0.000000	  0.104167	
  0.645833	  0.041667	  0.291667	  0.020833	
  0.375000	  0.125000	  0.354167	  0.145833	
  0.437500	  0.041667	  0.104167	  0.416667	
  0.791667	  0.145833	  0.041667	  0.020833	

MOTIF Tcf3.TF2DNA Tcf3

letter-probability matrix: alength= 4 w= 7 nsites= 20 E= 0
  0.000000	  0.772000	  0.136000	  0.093000	
  0.000000	  1.000000	  0.000000	  0.000000	
  0.000000	  0.000000	  0.000000	  1.000000	
  0.000000	  0.972000	  0.028000	  0.000000	
  0.410000	  0.371000	  0.190000	  0.029000	
  0.817000	  0.027000	  0.156000	  0.000000	
  0.579000	  0.000000	  0.372000	  0.049000	

MOTIF TCF3.SWISSREGULON TAL1_TCF{3,4,12}.p2

letter-probability matrix: alength= 4 w= 13 nsites= 20 E= 0
  0.236207	  0.243283	  0.399685	  0.120825	
  0.844234	  0.014345	  0.120929	  0.020491	
  0.501214	  0.482357	  0.008715	  0.007714	
  0.033830	  0.811641	  0.089263	  0.065266	
  0.863833	  0.000000	  0.107815	  0.028351	
  0.062090	  0.044776	  0.144498	  0.748636	
  0.057677	  0.929884	  0.000000	  0.012439	
  0.000000	  0.000000	  0.000000	  1.000000	
  0.003392	  0.003599	  0.987838	  0.005171	
  0.000000	  0.115801	  0.709255	  0.174944	
  0.159666	  0.316998	  0.036585	  0.486750	
  0.437146	  0.011959	  0.171723	  0.379171	
  0.095443	  0.235308	  0.138065	  0.531185	

MOTIF M6516_1.02.CIS-BP TCF3

letter-probability matrix: alength= 4 w= 10 nsites= 20 E= 0
  0.546778	  0.036125	  0.325731	  0.091366	
  0.349614	  0.367089	  0.244847	  0.038450	
  0.018424	  0.871032	  0.073696	  0.036848	
  0.874528	  0.000000	  0.115642	  0.009830	
  0.005098	  0.182686	  0.063439	  0.748776	
  0.000000	  0.966283	  0.028620	  0.005098	
  0.000000	  0.000000	  0.000000	  1.000000	
  0.000000	  0.000000	  1.000000	  0.000000	
  0.000000	  0.209345	  0.468597	  0.322058	
  0.133405	  0.208830	  0.116942	  0.540822	

