MEME version 4.4

ALPHABET= ACGT

strands: + -

Background letter frequencies (from uniform background):
A 0.25000 C 0.25000 G 0.25000 T 0.25000 

MOTIF MA0095.2.JASPAR YY1

letter-probability matrix: alength= 4 w= 11 nsites= 20 E= 0
  0.972668	  0.000000	  0.025241	  0.002092	
  0.940036	  0.013806	  0.037373	  0.008785	
  0.349463	  0.155766	  0.457677	  0.037094	
  1.000000	  0.000000	  0.000000	  0.000000	
  0.000000	  0.001673	  0.000000	  0.998327	
  0.001534	  0.000000	  0.998466	  0.000000	
  0.001813	  0.000000	  0.998187	  0.000000	
  0.113234	  0.786083	  0.005299	  0.095384	
  0.120904	  0.234416	  0.385581	  0.259099	
  0.125366	  0.122019	  0.649142	  0.103472	
  0.185748	  0.637010	  0.054525	  0.122716	

MOTIF TYY1_f2.HOCOMOCO TYY1

letter-probability matrix: alength= 4 w= 11 nsites= 20 E= 0
  0.908750	  0.025000	  0.038125	  0.028125	
  0.898125	  0.036875	  0.026250	  0.038750	
  0.282500	  0.165000	  0.470000	  0.082500	
  0.993750	  0.003125	  0.000000	  0.003125	
  0.001875	  0.000000	  0.000625	  0.997500	
  0.001250	  0.000000	  0.998750	  0.000000	
  0.028750	  0.000625	  0.951875	  0.018750	
  0.128125	  0.761250	  0.013125	  0.097500	
  0.101875	  0.195625	  0.583750	  0.118750	
  0.134375	  0.116875	  0.623750	  0.125000	
  0.135625	  0.652500	  0.101875	  0.110000	

MOTIF YY1.HOMER Promoter

letter-probability matrix: alength= 4 w= 11 nsites= 20 E= 0
  0.997000	  0.001000	  0.001000	  0.001000	
  0.995000	  0.001000	  0.003000	  0.001000	
  0.147000	  0.160000	  0.661000	  0.032000	
  0.997000	  0.001000	  0.001000	  0.001000	
  0.001000	  0.001000	  0.001000	  0.997000	
  0.001000	  0.001000	  0.997000	  0.001000	
  0.001000	  0.001000	  0.997000	  0.001000	
  0.001000	  0.980000	  0.001000	  0.018000	
  0.057000	  0.075000	  0.815000	  0.053000	
  0.045000	  0.004000	  0.942000	  0.009000	
  0.097000	  0.852000	  0.013000	  0.039000	

MOTIF YY1_disc1.POUR YY1_NT2-D1_encode-Snyder_seq_hsa_r1:MEME#3#Intergenic

letter-probability matrix: alength= 4 w= 22 nsites= 20 E= 0
  0.052356	  0.680628	  0.162304	  0.104712	
  0.157068	  0.643980	  0.151832	  0.047120	
  0.052356	  0.005236	  0.895288	  0.047120	
  0.000000	  1.000000	  0.000000	  0.000000	
  0.000000	  1.000000	  0.000000	  0.000000	
  1.000000	  0.000000	  0.000000	  0.000000	
  0.000000	  0.000000	  0.000000	  1.000000	
  0.047120	  0.455497	  0.251309	  0.246073	
  0.052356	  0.010471	  0.000000	  0.937173	
  0.000000	  0.057592	  0.000000	  0.942408	
  0.078534	  0.057592	  0.654450	  0.209424	
  0.256545	  0.141361	  0.424084	  0.178010	
  0.225131	  0.219895	  0.293194	  0.261780	
  0.193717	  0.209424	  0.204188	  0.392670	
  0.287958	  0.230366	  0.293194	  0.188482	
  0.235602	  0.298429	  0.261780	  0.204188	
  0.125654	  0.209424	  0.502618	  0.162304	
  0.099476	  0.136126	  0.628272	  0.136126	
  0.120419	  0.256545	  0.492147	  0.130890	
  0.178010	  0.502619	  0.193717	  0.125654	
  0.408377	  0.162304	  0.319372	  0.109948	
  0.314136	  0.219895	  0.308901	  0.157068	

MOTIF YY1_disc2.POUR YY1_SK-N-SH-RA_encode-Myers_seq_hsa_v041610.2-C-20_r1:Trawler#2#Intergenic

letter-probability matrix: alength= 4 w= 9 nsites= 20 E= 0
  1.000000	  0.000000	  0.000000	  0.000000	
  1.000000	  0.000000	  0.000000	  0.000000	
  0.000000	  1.000000	  0.000000	  0.000000	
  1.000000	  0.000000	  0.000000	  0.000000	
  0.000000	  0.000000	  0.000000	  1.000000	
  0.000000	  0.000000	  1.000000	  0.000000	
  0.000000	  0.000000	  1.000000	  0.000000	
  0.000000	  0.777778	  0.000000	  0.222222	
  0.277778	  0.000000	  0.666667	  0.055556	

MOTIF YY1_disc3.POUR YY1_K562_encode-Myers_seq_hsa_v041610.1_r1:AlignACE#2#Intergenic

letter-probability matrix: alength= 4 w= 9 nsites= 20 E= 0
  0.000663	  0.013263	  0.986074	  0.000000	
  0.104111	  0.676393	  0.204244	  0.015252	
  0.071618	  0.208886	  0.578249	  0.141247	
  0.000000	  0.202255	  0.797745	  0.000000	
  0.190981	  0.539125	  0.205570	  0.064324	
  0.021220	  0.165119	  0.795093	  0.018568	
  0.068302	  0.257294	  0.622017	  0.052387	
  0.084218	  0.462865	  0.424403	  0.028515	
  0.104111	  0.349469	  0.500001	  0.046419	

MOTIF YY1_disc4.POUR YY1_GM12892_encode-Myers_seq_hsa_v041610.1_r1:AlignACE#1#Intergenic

letter-probability matrix: alength= 4 w= 14 nsites= 20 E= 0
  0.078670	  0.581508	  0.339822	  0.000000	
  0.266018	  0.264396	  0.251419	  0.218167	
  0.051906	  0.347121	  0.568532	  0.032441	
  0.246553	  0.279805	  0.250608	  0.223033	
  0.206002	  0.293593	  0.291160	  0.209246	
  0.218167	  0.225466	  0.320357	  0.236010	
  0.000000	  0.373074	  0.549067	  0.077859	
  0.000000	  0.540146	  0.396594	  0.063260	
  0.081103	  0.296837	  0.556367	  0.065693	
  0.000000	  0.573398	  0.426602	  0.000000	
  0.241687	  0.278183	  0.270073	  0.210057	
  0.000000	  0.304947	  0.695053	  0.000000	
  0.000000	  0.535280	  0.464720	  0.000000	
  0.000000	  0.656123	  0.343877	  0.000000	

MOTIF YY1_disc5.POUR YY1_GM12878_encode-Myers_seq_hsa_v041610.1_r1:AlignACE#1#Intergenic

letter-probability matrix: alength= 4 w= 11 nsites= 20 E= 0
  0.103760	  0.451950	  0.444290	  0.000000	
  0.082173	  0.350975	  0.529944	  0.036908	
  0.000000	  0.309192	  0.690808	  0.000000	
  0.076602	  0.562674	  0.360724	  0.000000	
  0.307799	  0.226323	  0.202646	  0.263231	
  0.000000	  0.153203	  0.846797	  0.000000	
  0.075905	  0.457521	  0.466574	  0.000000	
  0.154596	  0.368384	  0.428969	  0.048050	
  0.160167	  0.357939	  0.481894	  0.000000	
  0.274373	  0.222841	  0.257660	  0.245125	
  0.000000	  0.416435	  0.583565	  0.000000	

MOTIF YY1_full.JOLMA YY1

letter-probability matrix: alength= 4 w= 10 nsites= 20 E= 0
  0.222158	  0.478361	  0.175995	  0.123485	
  0.134586	  0.623308	  0.190977	  0.051128	
  0.208661	  0.025984	  0.652756	  0.112598	
  0.029851	  0.951780	  0.004592	  0.013777	
  0.003580	  0.989260	  0.000000	  0.007160	
  0.976443	  0.011779	  0.005889	  0.005889	
  0.011669	  0.016336	  0.004667	  0.967328	
  0.125417	  0.166778	  0.154770	  0.553035	
  0.455971	  0.084439	  0.240048	  0.219542	
  0.234017	  0.291918	  0.092883	  0.381182	

MOTIF YY1.3DFOOTPRINT YY1

letter-probability matrix: alength= 4 w= 11 nsites= 20 E= 0
  0.072917	  0.072917	  0.072917	  0.781250	
  0.000000	  1.000000	  0.000000	  0.000000	
  0.250000	  0.250000	  0.250000	  0.250000	
  0.000000	  1.000000	  0.000000	  0.000000	
  0.000000	  1.000000	  0.000000	  0.000000	
  1.000000	  0.000000	  0.000000	  0.000000	
  0.000000	  0.000000	  0.000000	  1.000000	
  0.000000	  0.000000	  0.000000	  1.000000	
  0.000000	  0.000000	  0.000000	  1.000000	
  0.000000	  0.000000	  0.239583	  0.760417	
  0.072917	  0.145833	  0.708333	  0.072917	

MOTIF YY1_1.GUERTIN YY1

letter-probability matrix: alength= 4 w= 11 nsites= 20 E= 0
  0.902736	  0.030395	  0.063830	  0.003040	
  0.933131	  0.009119	  0.021277	  0.036474	
  0.231003	  0.234043	  0.507599	  0.027356	
  1.000000	  0.000000	  0.000000	  0.000000	
  0.000000	  0.000000	  0.006079	  0.993921	
  0.000000	  0.000000	  1.000000	  0.000000	
  0.000000	  0.000000	  0.978723	  0.021277	
  0.085106	  0.866261	  0.000000	  0.048632	
  0.072948	  0.158055	  0.562310	  0.206687	
  0.097264	  0.133739	  0.693009	  0.075988	
  0.200608	  0.662614	  0.033435	  0.103343	

MOTIF YY1_2.GUERTIN YY1

letter-probability matrix: alength= 4 w= 15 nsites= 20 E= 0
  0.022059	  0.397059	  0.529412	  0.051471	
  0.007353	  0.669118	  0.000000	  0.323529	
  0.029412	  0.000000	  0.904412	  0.066176	
  0.066176	  0.867647	  0.022059	  0.044118	
  0.000000	  0.985294	  0.007353	  0.007353	
  0.235294	  0.617647	  0.000000	  0.147059	
  0.007353	  0.750000	  0.000000	  0.242647	
  0.007353	  0.992647	  0.000000	  0.000000	
  0.044118	  0.000000	  0.000000	  0.955882	
  0.073529	  0.110294	  0.713235	  0.102941	
  0.014706	  0.404412	  0.551471	  0.029412	
  0.058824	  0.205882	  0.029412	  0.705882	
  0.000000	  0.007353	  0.970588	  0.022059	
  0.022059	  0.036765	  0.897059	  0.044118	
  0.132353	  0.595588	  0.117647	  0.154412	

MOTIF YY1_3.GUERTIN YY1

letter-probability matrix: alength= 4 w= 19 nsites= 20 E= 0
  0.680000	  0.040000	  0.200000	  0.080000	
  0.560000	  0.140000	  0.060000	  0.240000	
  0.800000	  0.040000	  0.040000	  0.120000	
  0.940000	  0.060000	  0.000000	  0.000000	
  0.640000	  0.000000	  0.120000	  0.240000	
  0.600000	  0.160000	  0.200000	  0.040000	
  0.900000	  0.000000	  0.000000	  0.100000	
  0.560000	  0.200000	  0.100000	  0.140000	
  0.580000	  0.100000	  0.160000	  0.160000	
  0.360000	  0.260000	  0.260000	  0.120000	
  0.140000	  0.480000	  0.140000	  0.240000	
  0.800000	  0.060000	  0.000000	  0.140000	
  0.700000	  0.020000	  0.280000	  0.000000	
  0.620000	  0.260000	  0.000000	  0.120000	
  0.540000	  0.100000	  0.100000	  0.260000	
  0.420000	  0.060000	  0.220000	  0.300000	
  0.560000	  0.000000	  0.200000	  0.240000	
  0.360000	  0.280000	  0.220000	  0.140000	
  0.660000	  0.060000	  0.000000	  0.280000	

MOTIF YY1_4.GUERTIN YY1

letter-probability matrix: alength= 4 w= 8 nsites= 20 E= 0
  0.000000	  0.000000	  0.000000	  1.000000	
  0.000000	  0.571429	  0.210714	  0.217857	
  0.000000	  1.000000	  0.000000	  0.000000	
  0.000000	  0.000000	  0.000000	  1.000000	
  0.000000	  0.546429	  0.289286	  0.164286	
  0.000000	  0.617857	  0.000000	  0.382143	
  0.000000	  0.553571	  0.000000	  0.446429	
  0.000000	  0.457143	  0.000000	  0.542857	

MOTIF YY1.1_1.ZLAB YY1

letter-probability matrix: alength= 4 w= 14 nsites= 20 E= 0
  0.123173	  0.206681	  0.553236	  0.116910	
  0.169102	  0.298539	  0.365344	  0.167015	
  0.162839	  0.359081	  0.367432	  0.110647	
  0.064718	  0.050104	  0.810021	  0.075157	
  0.054280	  0.734864	  0.114823	  0.096033	
  0.116910	  0.638831	  0.194154	  0.050104	
  0.029228	  0.000000	  0.951983	  0.018789	
  0.000000	  1.000000	  0.000000	  0.000000	
  0.000000	  1.000000	  0.000000	  0.000000	
  0.989562	  0.008351	  0.002088	  0.000000	
  0.000000	  0.000000	  0.000000	  1.000000	
  0.050104	  0.501044	  0.254697	  0.194154	
  0.068894	  0.035491	  0.016701	  0.878914	
  0.000000	  0.083507	  0.000000	  0.916493	

MOTIF YY1.1_2.ZLAB YY1

letter-probability matrix: alength= 4 w= 18 nsites= 20 E= 0
  0.212121	  0.363636	  0.318182	  0.106061	
  0.106061	  0.015152	  0.772727	  0.106061	
  0.045455	  0.878788	  0.000000	  0.075758	
  0.000000	  1.000000	  0.000000	  0.000000	
  0.984848	  0.000000	  0.000000	  0.015152	
  0.000000	  0.030303	  0.000000	  0.969697	
  0.045455	  0.484848	  0.303030	  0.166667	
  0.045455	  0.030303	  0.000000	  0.924242	
  0.000000	  0.045455	  0.015152	  0.939394	
  0.090909	  0.030303	  0.500000	  0.378788	
  0.318182	  0.166667	  0.409091	  0.106061	
  0.287879	  0.227273	  0.151515	  0.333333	
  0.227273	  0.030303	  0.181818	  0.560606	
  0.333333	  0.166667	  0.348485	  0.151515	
  0.318182	  0.257576	  0.136364	  0.287879	
  0.000000	  0.151515	  0.757576	  0.090909	
  0.015152	  0.030303	  0.772727	  0.181818	
  0.121212	  0.151515	  0.696970	  0.030303	

MOTIF YY1.1_3.ZLAB YY1

letter-probability matrix: alength= 4 w= 7 nsites= 20 E= 0
  0.000000	  0.816000	  0.000000	  0.184000	
  0.000000	  0.000000	  0.000000	  1.000000	
  0.000000	  0.000000	  0.000000	  1.000000	
  0.000000	  1.000000	  0.000000	  0.000000	
  0.000000	  1.000000	  0.000000	  0.000000	
  0.000000	  0.000000	  0.792000	  0.208000	
  0.000000	  0.360000	  0.544000	  0.096000	

MOTIF YY1.1_4.ZLAB YY1

letter-probability matrix: alength= 4 w= 9 nsites= 20 E= 0
  0.000000	  1.000000	  0.000000	  0.000000	
  1.000000	  0.000000	  0.000000	  0.000000	
  0.000000	  1.000000	  0.000000	  0.000000	
  0.234043	  0.085106	  0.680851	  0.000000	
  0.000000	  0.063830	  0.000000	  0.936170	
  0.000000	  0.000000	  1.000000	  0.000000	
  1.000000	  0.000000	  0.000000	  0.000000	
  0.000000	  0.893617	  0.000000	  0.106383	
  0.106383	  0.659574	  0.042553	  0.191489	

MOTIF YY1.1_5.ZLAB YY1

letter-probability matrix: alength= 4 w= 20 nsites= 20 E= 0
  0.058824	  0.647059	  0.176471	  0.117647	
  0.470588	  0.411765	  0.000000	  0.117647	
  0.058824	  0.058824	  0.235294	  0.647059	
  0.000000	  0.294118	  0.235294	  0.470588	
  0.000000	  0.764706	  0.058824	  0.176471	
  0.000000	  0.176471	  0.000000	  0.823529	
  0.000000	  0.000000	  1.000000	  0.000000	
  0.000000	  0.000000	  1.000000	  0.000000	
  0.117647	  0.000000	  0.882353	  0.000000	
  0.882353	  0.000000	  0.000000	  0.117647	
  0.647059	  0.117647	  0.117647	  0.117647	
  0.294118	  0.176471	  0.117647	  0.411765	
  0.000000	  0.176471	  0.000000	  0.823529	
  0.000000	  0.000000	  0.882353	  0.117647	
  0.176471	  0.235294	  0.058824	  0.529412	
  0.941176	  0.000000	  0.058824	  0.000000	
  0.000000	  0.000000	  0.882353	  0.117647	
  0.000000	  0.000000	  0.058824	  0.941176	
  0.000000	  0.529412	  0.117647	  0.352941	
  0.058824	  0.588235	  0.000000	  0.352941	

MOTIF Yy1.TF2DNA Yy1

letter-probability matrix: alength= 4 w= 8 nsites= 20 E= 0
  0.104000	  0.364000	  0.000000	  0.532000	
  0.097000	  0.512000	  0.220000	  0.172000	
  0.000000	  1.000000	  0.000000	  0.000000	
  0.534000	  0.404000	  0.000000	  0.061000	
  0.000000	  0.000000	  0.000000	  1.000000	
  0.051000	  0.027000	  0.000000	  0.922000	
  0.014000	  0.124000	  0.000000	  0.862000	
  0.228000	  0.038000	  0.276000	  0.457000	

MOTIF YY1.SWISSREGULON YY1.p2

letter-probability matrix: alength= 4 w= 5 nsites= 20 E= 0
  0.000000	  0.992337	  0.000475	  0.007187	
  0.000000	  0.998924	  0.000000	  0.001076	
  0.998167	  0.000000	  0.001833	  0.000000	
  0.000000	  0.000000	  0.000000	  1.000000	
  0.044009	  0.728820	  0.114196	  0.112976	

MOTIF M1919_1.02.CIS-BP YY1

letter-probability matrix: alength= 4 w= 11 nsites= 20 E= 0
  0.972668	  0.000000	  0.025241	  0.002092	
  0.940036	  0.013806	  0.037373	  0.008785	
  0.349463	  0.155766	  0.457677	  0.037094	
  1.000000	  0.000000	  0.000000	  0.000000	
  0.000000	  0.001673	  0.000000	  0.998327	
  0.001534	  0.000000	  0.998466	  0.000000	
  0.001813	  0.000000	  0.998187	  0.000000	
  0.113234	  0.786083	  0.005299	  0.095384	
  0.120904	  0.234416	  0.385581	  0.259099	
  0.125366	  0.122019	  0.649142	  0.103472	
  0.185748	  0.637010	  0.054525	  0.122716	

