MEME version 4.4

ALPHABET= ACGT

strands: + -

Background letter frequencies (from uniform background):
A 0.25000 C 0.25000 G 0.25000 T 0.25000 

MOTIF MA0508.1.JASPAR PRDM1

letter-probability matrix: alength= 4 w= 14 nsites= 20 E= 0
  0.358245	  0.064740	  0.506409	  0.070606	
  0.683902	  0.074951	  0.149468	  0.091679	
  0.757332	  0.095373	  0.096024	  0.051271	
  0.906583	  0.000000	  0.093417	  0.000000	
  0.091679	  0.000000	  0.877254	  0.031067	
  0.158158	  0.023897	  0.202042	  0.615903	
  0.045840	  0.000000	  0.954160	  0.000000	
  1.000000	  0.000000	  0.000000	  0.000000	
  0.903976	  0.000000	  0.093417	  0.002607	
  0.976972	  0.000000	  0.008473	  0.014556	
  0.034543	  0.030849	  0.909407	  0.025201	
  0.025418	  0.099500	  0.112970	  0.762112	
  0.229633	  0.108190	  0.486422	  0.175755	
  0.443624	  0.169020	  0.211384	  0.175972	

MOTIF PRDM1_f1.HOCOMOCO PRDM1

letter-probability matrix: alength= 4 w= 13 nsites= 20 E= 0
  0.730019	  0.026316	  0.204678	  0.038986	
  0.858674	  0.062378	  0.059454	  0.019493	
  0.988304	  0.004873	  0.005848	  0.000975	
  0.006823	  0.001949	  0.978558	  0.012671	
  0.029240	  0.064327	  0.264133	  0.642300	
  0.009747	  0.002924	  0.982456	  0.004873	
  0.994152	  0.003899	  0.000975	  0.000975	
  0.981481	  0.003899	  0.013645	  0.000975	
  0.987329	  0.006823	  0.003899	  0.001949	
  0.003899	  0.024366	  0.898635	  0.073099	
  0.036062	  0.054581	  0.201754	  0.707602	
  0.307992	  0.049708	  0.540936	  0.101365	
  0.383041	  0.269006	  0.204678	  0.143275	

MOTIF PRDM1.HOMER Hela-PRDM1-ChIP-Seq

letter-probability matrix: alength= 4 w= 11 nsites= 20 E= 0
  0.109000	  0.787000	  0.053000	  0.051000	
  0.072000	  0.026000	  0.003000	  0.899000	
  0.007000	  0.082000	  0.031000	  0.880000	
  0.014000	  0.002000	  0.014000	  0.970000	
  0.008000	  0.941000	  0.002000	  0.049000	
  0.535000	  0.151000	  0.064000	  0.250000	
  0.035000	  0.873000	  0.027000	  0.065000	
  0.022000	  0.152000	  0.001000	  0.825000	
  0.112000	  0.126000	  0.184000	  0.578000	
  0.208000	  0.160000	  0.135000	  0.496000	
  0.145000	  0.435000	  0.163000	  0.257000	

MOTIF PRDM1_disc1.POUR PRDM1_HeLa-S3_encode-Snyder_seq_hsa_IgG-rab-Val90_r1:MDscan#1#Intergenic

letter-probability matrix: alength= 4 w= 9 nsites= 20 E= 0
  1.000000	  0.000000	  0.000000	  0.000000	
  0.000000	  1.000000	  0.000000	  0.000000	
  0.000000	  0.000000	  0.000000	  1.000000	
  0.000000	  0.078014	  0.000000	  0.921986	
  0.000000	  0.000000	  0.000000	  1.000000	
  0.000000	  1.000000	  0.000000	  0.000000	
  0.581561	  0.219858	  0.007092	  0.191489	
  0.000000	  1.000000	  0.000000	  0.000000	
  0.000000	  0.000000	  0.000000	  1.000000	

MOTIF PRDM1_disc2.POUR PRDM1_HeLa-S3_encode-Snyder_seq_hsa_IgG-rab-Val90_r1:MDscan#3#Intergenic

letter-probability matrix: alength= 4 w= 9 nsites= 20 E= 0
  0.421875	  0.062500	  0.515625	  0.000000	
  0.000000	  0.000000	  0.000000	  1.000000	
  0.000000	  0.000000	  1.000000	  0.000000	
  1.000000	  0.000000	  0.000000	  0.000000	
  0.101562	  0.343750	  0.453125	  0.101562	
  0.000000	  0.000000	  0.000000	  1.000000	
  0.000000	  1.000000	  0.000000	  0.000000	
  1.000000	  0.000000	  0.000000	  0.000000	
  0.031250	  0.398438	  0.109375	  0.460938	

MOTIF PRDM1_full.JOLMA PRDM1

letter-probability matrix: alength= 4 w= 14 nsites= 20 E= 0
  0.346746	  0.019724	  0.612229	  0.021302	
  0.854478	  0.055141	  0.031095	  0.059287	
  0.910262	  0.013740	  0.047660	  0.028338	
  0.975920	  0.008178	  0.013176	  0.002726	
  0.014886	  0.010586	  0.956004	  0.018525	
  0.017057	  0.128520	  0.144784	  0.709639	
  0.020504	  0.000336	  0.978824	  0.000336	
  0.987209	  0.006852	  0.004111	  0.001827	
  0.913613	  0.003927	  0.081588	  0.000873	
  0.982597	  0.005801	  0.008032	  0.003570	
  0.005018	  0.003346	  0.987956	  0.003680	
  0.004180	  0.050163	  0.045982	  0.899675	
  0.182529	  0.087353	  0.482725	  0.247392	
  0.311055	  0.226986	  0.272383	  0.189575	

MOTIF PRDM1_1.GUERTIN PRDM1

letter-probability matrix: alength= 4 w= 13 nsites= 20 E= 0
  0.183150	  0.496947	  0.091575	  0.228327	
  0.757021	  0.112332	  0.101343	  0.029304	
  0.037851	  0.907204	  0.023199	  0.031746	
  0.000000	  0.002442	  0.000000	  0.997558	
  0.000000	  0.087912	  0.004884	  0.907204	
  0.001221	  0.000000	  0.001221	  0.997558	
  0.000000	  0.953602	  0.001221	  0.045177	
  0.556777	  0.190476	  0.032967	  0.219780	
  0.037851	  0.808303	  0.013431	  0.140415	
  0.013431	  0.153846	  0.000000	  0.832723	
  0.063492	  0.136752	  0.102564	  0.697192	
  0.115995	  0.185592	  0.119658	  0.578755	
  0.124542	  0.440781	  0.103785	  0.330891	

MOTIF PRDM1_2.GUERTIN PRDM1

letter-probability matrix: alength= 4 w= 8 nsites= 20 E= 0
  0.000000	  0.000000	  0.000000	  1.000000	
  0.000000	  0.000000	  1.000000	  0.000000	
  1.000000	  0.000000	  0.000000	  0.000000	
  0.000000	  0.783582	  0.000000	  0.216418	
  0.000000	  0.000000	  0.000000	  1.000000	
  0.000000	  1.000000	  0.000000	  0.000000	
  1.000000	  0.000000	  0.000000	  0.000000	
  0.052239	  0.223881	  0.283582	  0.440299	

MOTIF PRDM1_3.GUERTIN PRDM1

letter-probability matrix: alength= 4 w= 19 nsites= 20 E= 0
  0.182927	  0.560976	  0.012195	  0.243902	
  0.000000	  0.512195	  0.329268	  0.158537	
  0.000000	  0.402439	  0.170732	  0.426829	
  0.012195	  0.914634	  0.048780	  0.024390	
  0.048780	  0.609756	  0.097561	  0.243902	
  0.036585	  0.524390	  0.170732	  0.268293	
  0.048780	  0.548780	  0.170732	  0.231707	
  0.000000	  0.378049	  0.463415	  0.158537	
  0.000000	  0.719512	  0.170732	  0.109756	
  0.048780	  0.719512	  0.000000	  0.231707	
  0.000000	  0.743902	  0.085366	  0.170732	
  0.158537	  0.597561	  0.000000	  0.243902	
  0.000000	  0.585366	  0.414634	  0.000000	
  0.060976	  0.439024	  0.231707	  0.268293	
  0.073171	  0.475610	  0.170732	  0.280488	
  0.000000	  0.597561	  0.231707	  0.170732	
  0.146341	  0.280488	  0.365854	  0.207317	
  0.024390	  0.597561	  0.378049	  0.000000	
  0.121951	  0.512195	  0.365854	  0.000000	

MOTIF PRDM1_4.GUERTIN PRDM1

letter-probability matrix: alength= 4 w= 14 nsites= 20 E= 0
  0.939394	  0.060606	  0.000000	  0.000000	
  0.000000	  0.090909	  0.000000	  0.909091	
  0.000000	  0.000000	  0.000000	  1.000000	
  0.000000	  1.000000	  0.000000	  0.000000	
  0.000000	  0.515152	  0.454545	  0.030303	
  0.848485	  0.000000	  0.090909	  0.060606	
  0.030303	  0.030303	  0.121212	  0.818182	
  0.030303	  0.000000	  0.000000	  0.969697	
  0.030303	  0.818182	  0.060606	  0.090909	
  0.121212	  0.878788	  0.000000	  0.000000	
  0.787879	  0.060606	  0.060606	  0.090909	
  0.030303	  0.030303	  0.000000	  0.939394	
  0.030303	  0.000000	  0.000000	  0.969697	
  0.000000	  0.757576	  0.000000	  0.242424	

MOTIF PRDM1.1_1.ZLAB PRDM1

letter-probability matrix: alength= 4 w= 14 nsites= 20 E= 0
  0.222222	  0.486869	  0.101010	  0.189899	
  0.840404	  0.064646	  0.090909	  0.004040	
  0.028283	  0.935354	  0.026263	  0.010101	
  0.014141	  0.002020	  0.000000	  0.983838	
  0.000000	  0.062626	  0.000000	  0.937374	
  0.000000	  0.000000	  0.006061	  0.993939	
  0.000000	  0.961616	  0.000000	  0.038384	
  0.632323	  0.169697	  0.016162	  0.181818	
  0.022222	  0.923232	  0.004040	  0.050505	
  0.018182	  0.117172	  0.000000	  0.864646	
  0.066667	  0.115152	  0.115152	  0.703030	
  0.165657	  0.135354	  0.088889	  0.610101	
  0.105051	  0.418182	  0.117172	  0.359596	
  0.311111	  0.210101	  0.139394	  0.339394	

MOTIF PRDM1.1_2.ZLAB PRDM1

letter-probability matrix: alength= 4 w= 7 nsites= 20 E= 0
  0.000000	  0.000000	  0.000000	  1.000000	
  0.000000	  0.000000	  0.829630	  0.170370	
  1.000000	  0.000000	  0.000000	  0.000000	
  0.111111	  0.303704	  0.585185	  0.000000	
  0.000000	  0.000000	  0.007407	  0.992593	
  0.000000	  1.000000	  0.000000	  0.000000	
  1.000000	  0.000000	  0.000000	  0.000000	

MOTIF PRDM1.1_3.ZLAB PRDM1

letter-probability matrix: alength= 4 w= 14 nsites= 20 E= 0
  0.000000	  0.000000	  0.886364	  0.113636	
  0.022727	  0.022727	  0.954545	  0.000000	
  0.204545	  0.431818	  0.000000	  0.363636	
  0.159091	  0.090909	  0.750000	  0.000000	
  0.090909	  0.090909	  0.818182	  0.000000	
  0.113636	  0.250000	  0.590909	  0.045455	
  0.181818	  0.068182	  0.750000	  0.000000	
  0.113636	  0.363636	  0.522727	  0.000000	
  0.181818	  0.181818	  0.250000	  0.386364	
  0.250000	  0.000000	  0.704545	  0.045455	
  0.227273	  0.090909	  0.681818	  0.000000	
  0.159091	  0.113636	  0.659091	  0.068182	
  0.431818	  0.000000	  0.500000	  0.068182	
  0.000000	  0.113636	  0.886364	  0.000000	

MOTIF PRDM1.1_4.ZLAB PRDM1

letter-probability matrix: alength= 4 w= 27 nsites= 20 E= 0
  0.250000	  0.750000	  0.000000	  0.000000	
  1.000000	  0.000000	  0.000000	  0.000000	
  1.000000	  0.000000	  0.000000	  0.000000	
  0.000000	  0.250000	  0.000000	  0.750000	
  1.000000	  0.000000	  0.000000	  0.000000	
  1.000000	  0.000000	  0.000000	  0.000000	
  0.000000	  0.250000	  0.750000	  0.000000	
  1.000000	  0.000000	  0.000000	  0.000000	
  1.000000	  0.000000	  0.000000	  0.000000	
  0.000000	  0.000000	  1.000000	  0.000000	
  0.000000	  1.000000	  0.000000	  0.000000	
  0.250000	  0.000000	  0.750000	  0.000000	
  0.250000	  0.000000	  0.750000	  0.000000	
  0.000000	  0.000000	  1.000000	  0.000000	
  0.750000	  0.000000	  0.000000	  0.250000	
  0.750000	  0.000000	  0.000000	  0.250000	
  0.000000	  0.000000	  1.000000	  0.000000	
  0.000000	  0.000000	  1.000000	  0.000000	
  0.000000	  0.000000	  1.000000	  0.000000	
  0.000000	  1.000000	  0.000000	  0.000000	
  0.000000	  0.000000	  1.000000	  0.000000	
  0.000000	  0.000000	  0.000000	  1.000000	
  0.000000	  0.000000	  1.000000	  0.000000	
  0.250000	  0.500000	  0.000000	  0.250000	
  0.000000	  1.000000	  0.000000	  0.000000	
  0.000000	  0.000000	  0.000000	  1.000000	
  0.000000	  0.000000	  0.000000	  1.000000	

MOTIF PRDM1.1_5.ZLAB PRDM1

letter-probability matrix: alength= 4 w= 27 nsites= 20 E= 0
  0.000000	  0.166667	  0.000000	  0.833333	
  0.000000	  0.000000	  0.333333	  0.666667	
  0.000000	  0.000000	  0.333333	  0.666667	
  1.000000	  0.000000	  0.000000	  0.000000	
  1.000000	  0.000000	  0.000000	  0.000000	
  0.000000	  0.000000	  0.000000	  1.000000	
  1.000000	  0.000000	  0.000000	  0.000000	
  0.000000	  0.000000	  0.000000	  1.000000	
  0.000000	  0.000000	  0.000000	  1.000000	
  0.000000	  0.000000	  0.000000	  1.000000	
  0.000000	  0.000000	  0.000000	  1.000000	
  0.000000	  0.166667	  0.333333	  0.500000	
  0.333333	  0.000000	  0.666667	  0.000000	
  0.000000	  0.000000	  1.000000	  0.000000	
  0.833333	  0.000000	  0.166667	  0.000000	
  0.000000	  0.833333	  0.000000	  0.166667	
  0.166667	  0.500000	  0.000000	  0.333333	
  0.500000	  0.000000	  0.166667	  0.333333	
  0.000000	  0.666667	  0.000000	  0.333333	
  0.500000	  0.000000	  0.333333	  0.166667	
  0.000000	  0.000000	  0.833333	  0.166667	
  0.166667	  0.000000	  0.166667	  0.666667	
  0.000000	  0.000000	  0.000000	  1.000000	
  0.166667	  0.000000	  0.833333	  0.000000	
  0.833333	  0.000000	  0.000000	  0.166667	
  0.166667	  0.833333	  0.000000	  0.000000	
  0.000000	  0.666667	  0.000000	  0.333333	

MOTIF Prdm1.TF2DNA Prdm1

letter-probability matrix: alength= 4 w= 8 nsites= 20 E= 0
  0.313000	  0.236000	  0.273000	  0.178000	
  0.300000	  0.000000	  0.456000	  0.244000	
  0.958000	  0.010000	  0.032000	  0.000000	
  0.814000	  0.128000	  0.000000	  0.059000	
  0.932000	  0.000000	  0.065000	  0.003000	
  0.003000	  0.000000	  0.927000	  0.069000	
  0.515000	  0.031000	  0.033000	  0.421000	
  0.895000	  0.000000	  0.000000	  0.105000	

MOTIF PRDM1.SWISSREGULON PRDM1.p3

letter-probability matrix: alength= 4 w= 11 nsites= 20 E= 0
  0.984158	  0.003569	  0.005756	  0.006517	
  0.993838	  0.001860	  0.003372	  0.000930	
  0.005203	  0.002197	  0.988323	  0.004278	
  0.009843	  0.063499	  0.043782	  0.882876	
  0.011766	  0.000692	  0.986043	  0.001500	
  0.996735	  0.001632	  0.000933	  0.000700	
  0.975243	  0.001255	  0.022931	  0.000570	
  0.996038	  0.001981	  0.001631	  0.000350	
  0.001046	  0.001510	  0.993145	  0.004299	
  0.010095	  0.031416	  0.020476	  0.938012	
  0.158652	  0.055795	  0.642264	  0.143289	

MOTIF M2307_1.02.CIS-BP PRDM1

letter-probability matrix: alength= 4 w= 14 nsites= 20 E= 0
  0.358245	  0.064740	  0.506409	  0.070606	
  0.683902	  0.074951	  0.149468	  0.091679	
  0.757332	  0.095373	  0.096024	  0.051271	
  0.906583	  0.000000	  0.093417	  0.000000	
  0.091679	  0.000000	  0.877254	  0.031067	
  0.158158	  0.023897	  0.202042	  0.615903	
  0.045840	  0.000000	  0.954160	  0.000000	
  1.000000	  0.000000	  0.000000	  0.000000	
  0.903976	  0.000000	  0.093417	  0.002607	
  0.976972	  0.000000	  0.008473	  0.014556	
  0.034543	  0.030849	  0.909407	  0.025201	
  0.025418	  0.099500	  0.112970	  0.762112	
  0.229633	  0.108190	  0.486422	  0.175755	
  0.443624	  0.169020	  0.211384	  0.175972	

