MEME version 4.4

ALPHABET= ACGT

strands: + -

Background letter frequencies (from uniform background):
A 0.25000 C 0.25000 G 0.25000 T 0.25000 

MOTIF MA0592.1.JASPAR ESRRA

letter-probability matrix: alength= 4 w= 10 nsites= 20 E= 0
  0.086538	  0.836538	  0.072115	  0.004808	
  0.961538	  0.009615	  0.028846	  0.000000	
  0.951923	  0.000000	  0.048077	  0.000000	
  0.000000	  0.000000	  0.975962	  0.024038	
  0.000000	  0.000000	  0.995192	  0.004808	
  0.028846	  0.000000	  0.105769	  0.865385	
  0.000000	  0.985577	  0.014423	  0.000000	
  0.947115	  0.004808	  0.048077	  0.000000	
  0.110577	  0.519231	  0.211538	  0.158654	
  0.336538	  0.259615	  0.192308	  0.211538	

MOTIF ERR1_f1.HOCOMOCO ERR1

letter-probability matrix: alength= 4 w= 8 nsites= 20 E= 0
  0.219238	  0.576172	  0.170898	  0.033691	
  0.766113	  0.035156	  0.144531	  0.054199	
  0.938965	  0.013672	  0.030762	  0.016602	
  0.019531	  0.002930	  0.954590	  0.022949	
  0.007324	  0.006348	  0.975098	  0.011230	
  0.092285	  0.040527	  0.112305	  0.754883	
  0.013672	  0.878906	  0.067383	  0.040039	
  0.930664	  0.010254	  0.038086	  0.020996	

MOTIF Erra.HOMER HepG2-Erra-ChIP-Seq

letter-probability matrix: alength= 4 w= 9 nsites= 20 E= 0
  0.604000	  0.358000	  0.028000	  0.011000	
  0.682000	  0.021000	  0.288000	  0.009000	
  0.877000	  0.001000	  0.118000	  0.004000	
  0.001000	  0.001000	  0.997000	  0.001000	
  0.015000	  0.011000	  0.814000	  0.159000	
  0.025000	  0.139000	  0.176000	  0.660000	
  0.001000	  0.985000	  0.010000	  0.004000	
  0.971000	  0.013000	  0.008000	  0.008000	
  0.149000	  0.267000	  0.491000	  0.094000	

MOTIF ESRRA_disc1.POUR ESR1_T-47D_encode-Myers_seq_hsa_Genistein-100nM-v041610.2_r1:MEME#2#Intergenic

letter-probability matrix: alength= 4 w= 14 nsites= 20 E= 0
  0.084000	  0.008000	  0.668000	  0.240000	
  0.016000	  0.008000	  0.960000	  0.016000	
  0.048000	  0.000000	  0.116000	  0.836000	
  0.008000	  0.848000	  0.116000	  0.028000	
  0.908000	  0.000000	  0.056000	  0.036000	
  0.192000	  0.444000	  0.252000	  0.112000	
  0.292000	  0.548000	  0.092000	  0.068000	
  0.256000	  0.336000	  0.204000	  0.204000	
  0.080000	  0.112000	  0.028000	  0.780000	
  0.112000	  0.020000	  0.832000	  0.036000	
  0.500000	  0.244000	  0.080000	  0.176000	
  0.032000	  0.804000	  0.068000	  0.096000	
  0.044000	  0.868000	  0.008000	  0.080000	
  0.044000	  0.376000	  0.028000	  0.552000	

MOTIF ESRRA_disc2.POUR ESRRA_HepG2_encode-Snyder_seq_hsa_forskolin_r1:MEME#2#Intergenic

letter-probability matrix: alength= 4 w= 12 nsites= 20 E= 0
  0.009804	  0.078431	  0.078431	  0.833334	
  0.000000	  0.009804	  0.990196	  0.000000	
  0.700980	  0.166667	  0.058824	  0.073529	
  0.014706	  0.980392	  0.000000	  0.004902	
  0.019608	  0.936274	  0.000000	  0.044118	
  0.004902	  0.063725	  0.000000	  0.931373	
  0.019608	  0.039216	  0.039216	  0.901960	
  0.000000	  0.181373	  0.715686	  0.102941	
  0.362745	  0.063725	  0.455882	  0.117647	
  0.200980	  0.352941	  0.357843	  0.088235	
  0.166667	  0.485294	  0.137255	  0.210784	
  0.137255	  0.308824	  0.151961	  0.401961	

MOTIF ESRRA_disc3.POUR ESR1_T-47D_encode-Myers_seq_hsa_Genistein-100nM-v041610.2_r1:Trawler#3#Intergenic

letter-probability matrix: alength= 4 w= 9 nsites= 20 E= 0
  0.544061	  0.038314	  0.417625	  0.000000	
  0.080460	  0.126437	  0.735632	  0.057471	
  0.068966	  0.383142	  0.463602	  0.084291	
  0.019157	  0.164751	  0.011494	  0.804598	
  0.130268	  0.134100	  0.708812	  0.026820	
  0.796935	  0.084291	  0.080460	  0.038314	
  0.049808	  0.896552	  0.015326	  0.038314	
  0.072797	  0.793103	  0.045977	  0.088123	
  0.122605	  0.333333	  0.122605	  0.421456	

MOTIF ESRRA_disc4.POUR ESRRA_HepG2_encode-Snyder_seq_hsa_forskolin_r1:AlignACE#1#Intergenic

letter-probability matrix: alength= 4 w= 13 nsites= 20 E= 0
  0.330368	  0.255400	  0.188056	  0.226175	
  0.334180	  0.038119	  0.459975	  0.167726	
  0.000000	  0.000000	  1.000000	  0.000000	
  0.000000	  0.369759	  0.630241	  0.000000	
  0.289708	  0.195680	  0.210928	  0.303685	
  0.000000	  0.551461	  0.448539	  0.000000	
  0.340534	  0.199492	  0.202033	  0.257942	
  0.113088	  0.439644	  0.447268	  0.000000	
  0.316391	  0.180432	  0.241423	  0.261753	
  0.000000	  0.363405	  0.636595	  0.000000	
  0.210928	  0.334180	  0.322745	  0.132147	
  0.222363	  0.152478	  0.405337	  0.219822	
  0.000000	  0.433291	  0.566709	  0.000000	

MOTIF ESRRA_DBD_1.JOLMA ESRRA

letter-probability matrix: alength= 4 w= 10 nsites= 20 E= 0
  0.082918	  0.242789	  0.101282	  0.573011	
  0.076880	  0.663640	  0.242428	  0.017051	
  0.937522	  0.000885	  0.059792	  0.001801	
  0.994505	  0.002329	  0.003166	  0.000000	
  0.000000	  0.000000	  0.989066	  0.010934	
  0.000000	  0.000000	  1.000000	  0.000000	
  0.036388	  0.001383	  0.034848	  0.927381	
  0.000000	  0.947174	  0.015334	  0.037492	
  0.908307	  0.001636	  0.089983	  0.000075	
  0.288388	  0.244541	  0.066583	  0.400487	

MOTIF ESRRA_DBD_2.JOLMA ESRRA

letter-probability matrix: alength= 4 w= 16 nsites= 20 E= 0
  0.961878	  0.010413	  0.020649	  0.007060	
  0.017499	  0.028794	  0.930480	  0.023226	
  0.002720	  0.006119	  0.985892	  0.005269	
  0.043220	  0.008924	  0.113036	  0.834821	
  0.005959	  0.893023	  0.017878	  0.083140	
  0.727461	  0.006493	  0.212631	  0.053416	
  0.236569	  0.133082	  0.078417	  0.551932	
  0.201261	  0.218208	  0.112191	  0.468339	
  0.049221	  0.792557	  0.118105	  0.040116	
  0.980102	  0.000880	  0.016024	  0.002993	
  0.993812	  0.001591	  0.004420	  0.000177	
  0.001540	  0.000513	  0.970905	  0.027041	
  0.000174	  0.000522	  0.994080	  0.005224	
  0.053045	  0.002729	  0.099608	  0.844619	
  0.000887	  0.898861	  0.018039	  0.082212	
  0.906168	  0.002937	  0.084367	  0.006527	

MOTIF ESRRA_DBD_3.JOLMA ESRRA

letter-probability matrix: alength= 4 w= 18 nsites= 20 E= 0
  0.869422	  0.004154	  0.099872	  0.026552	
  0.969256	  0.004392	  0.025803	  0.000549	
  0.012924	  0.003752	  0.925168	  0.058157	
  0.002762	  0.001899	  0.994044	  0.001295	
  0.063640	  0.006135	  0.081200	  0.849025	
  0.001221	  0.873200	  0.051926	  0.073652	
  0.793098	  0.006238	  0.185668	  0.014996	
  0.272044	  0.297378	  0.099378	  0.331200	
  0.284079	  0.255274	  0.144248	  0.316399	
  0.055156	  0.279256	  0.108418	  0.557170	
  0.056707	  0.541114	  0.369696	  0.032483	
  0.898816	  0.002453	  0.065677	  0.033054	
  0.979089	  0.005531	  0.014930	  0.000450	
  0.007205	  0.000906	  0.941456	  0.050434	
  0.002500	  0.003684	  0.991974	  0.001842	
  0.075797	  0.003869	  0.104751	  0.815584	
  0.001180	  0.871207	  0.027101	  0.100513	
  0.789794	  0.003364	  0.198110	  0.008732	

MOTIF ESRRA_DBD_4.JOLMA ESRRA

letter-probability matrix: alength= 4 w= 10 nsites= 20 E= 0
  0.094772	  0.228911	  0.121613	  0.554703	
  0.101857	  0.607798	  0.256605	  0.033740	
  0.883337	  0.002139	  0.098938	  0.015586	
  0.970945	  0.013490	  0.010137	  0.005428	
  0.010488	  0.007391	  0.945590	  0.036531	
  0.002896	  0.005568	  0.983815	  0.007721	
  0.056689	  0.006062	  0.057180	  0.880069	
  0.002152	  0.882104	  0.046197	  0.069548	
  0.867563	  0.004139	  0.123051	  0.005247	
  0.352346	  0.215020	  0.099523	  0.333110	

MOTIF ESRRA_DBD_5.JOLMA ESRRA

letter-probability matrix: alength= 4 w= 16 nsites= 20 E= 0
  0.927632	  0.001316	  0.071053	  0.000000	
  0.017719	  0.000000	  0.933555	  0.048726	
  0.002484	  0.000000	  0.996273	  0.001242	
  0.142686	  0.007194	  0.112710	  0.737410	
  0.000000	  0.892617	  0.017258	  0.090125	
  0.775880	  0.022412	  0.192102	  0.009605	
  0.073658	  0.259675	  0.227216	  0.439451	
  0.151771	  0.265599	  0.131535	  0.451096	
  0.050305	  0.714177	  0.186738	  0.048780	
  0.926918	  0.000000	  0.045067	  0.028015	
  0.987586	  0.001379	  0.011034	  0.000000	
  0.006309	  0.000000	  0.903260	  0.090431	
  0.000000	  0.000000	  0.996466	  0.003534	
  0.081212	  0.001212	  0.047273	  0.870303	
  0.004374	  0.890639	  0.027997	  0.076990	
  0.857853	  0.000000	  0.137177	  0.004970	

MOTIF ESRRA_DBD_6.JOLMA ESRRA

letter-probability matrix: alength= 4 w= 18 nsites= 20 E= 0
  0.783039	  0.002081	  0.165453	  0.049428	
  0.918239	  0.014294	  0.065180	  0.002287	
  0.009544	  0.000000	  0.880260	  0.110195	
  0.005994	  0.000000	  0.992008	  0.001998	
  0.160897	  0.007801	  0.119454	  0.711848	
  0.000805	  0.808930	  0.071601	  0.118665	
  0.821528	  0.002796	  0.164026	  0.011650	
  0.316667	  0.194792	  0.122396	  0.366146	
  0.271578	  0.206707	  0.239142	  0.282573	
  0.070869	  0.224969	  0.130614	  0.573548	
  0.124806	  0.470062	  0.375194	  0.029938	
  0.829280	  0.000000	  0.114640	  0.056079	
  0.961631	  0.006595	  0.031175	  0.000600	
  0.032343	  0.000000	  0.889860	  0.077797	
  0.005553	  0.000000	  0.985361	  0.009086	
  0.115016	  0.002662	  0.088392	  0.793930	
  0.000000	  0.786533	  0.062679	  0.150788	
  0.784856	  0.002404	  0.194311	  0.018429	

MOTIF Esrra_DBD_1.JOLMA Esrra

letter-probability matrix: alength= 4 w= 16 nsites= 20 E= 0
  0.966799	  0.000000	  0.033201	  0.000000	
  0.000000	  0.000000	  0.997685	  0.002315	
  0.000000	  0.003444	  0.975890	  0.020666	
  0.168244	  0.000000	  0.006309	  0.825447	
  0.000000	  0.633198	  0.036437	  0.330364	
  0.872647	  0.000000	  0.127353	  0.000000	
  0.004926	  0.118227	  0.449507	  0.427340	
  0.005394	  0.138080	  0.022654	  0.833873	
  0.221106	  0.712563	  0.066332	  0.000000	
  1.000000	  0.000000	  0.000000	  0.000000	
  0.993614	  0.000000	  0.006386	  0.000000	
  0.000000	  0.000000	  0.996602	  0.003398	
  0.006780	  0.000000	  0.993220	  0.000000	
  0.006369	  0.001274	  0.000000	  0.992357	
  0.000000	  0.870775	  0.003976	  0.125249	
  0.903079	  0.023945	  0.072976	  0.000000	

MOTIF Esrra_DBD_2.JOLMA Esrra

letter-probability matrix: alength= 4 w= 10 nsites= 20 E= 0
  0.024708	  0.063938	  0.010751	  0.900604	
  0.006327	  0.915452	  0.077454	  0.000767	
  0.999163	  0.000000	  0.000837	  0.000000	
  0.999163	  0.000000	  0.000837	  0.000000	
  0.000209	  0.000627	  0.997285	  0.001880	
  0.000000	  0.000418	  0.998954	  0.000628	
  0.001239	  0.002271	  0.010735	  0.985756	
  0.000000	  0.949682	  0.041965	  0.008353	
  0.940701	  0.001182	  0.057723	  0.000394	
  0.154797	  0.073314	  0.011521	  0.760369	

MOTIF UP00079_1.UNIPROBE Esrra_primary

letter-probability matrix: alength= 4 w= 16 nsites= 20 E= 0
  0.420838	  0.283140	  0.144938	  0.151084	
  0.198119	  0.196347	  0.260353	  0.345181	
  0.117752	  0.282184	  0.137207	  0.462857	
  0.070125	  0.781439	  0.138093	  0.010344	
  0.965989	  0.000956	  0.023828	  0.009227	
  0.977263	  0.003066	  0.019255	  0.000416	
  0.007404	  0.000267	  0.938934	  0.053395	
  0.007147	  0.000287	  0.983377	  0.009190	
  0.039608	  0.000730	  0.040682	  0.918981	
  0.000685	  0.905345	  0.021930	  0.072040	
  0.800961	  0.001126	  0.195791	  0.002121	
  0.245039	  0.241263	  0.038084	  0.475614	
  0.265397	  0.238316	  0.304963	  0.191325	
  0.203742	  0.286208	  0.231002	  0.279048	
  0.194132	  0.188854	  0.346693	  0.270322	
  0.310711	  0.263840	  0.184317	  0.241132	

MOTIF UP00079_2.UNIPROBE Esrra_secondary

letter-probability matrix: alength= 4 w= 16 nsites= 20 E= 0
  0.158171	  0.083434	  0.389646	  0.368749	
  0.180010	  0.290882	  0.279192	  0.249916	
  0.206905	  0.249360	  0.275438	  0.268296	
  0.756588	  0.046202	  0.023921	  0.173289	
  0.018262	  0.022596	  0.949143	  0.010000	
  0.206468	  0.046491	  0.745475	  0.001566	
  0.005511	  0.001141	  0.983152	  0.010196	
  0.004791	  0.001893	  0.985951	  0.007365	
  0.027643	  0.001133	  0.008565	  0.962659	
  0.002459	  0.970934	  0.007826	  0.018780	
  0.924387	  0.003164	  0.071225	  0.001224	
  0.419387	  0.230189	  0.111588	  0.238836	
  0.290954	  0.163823	  0.341233	  0.203991	
  0.196768	  0.281307	  0.313868	  0.208056	
  0.128428	  0.260428	  0.378607	  0.232537	
  0.269305	  0.378895	  0.123480	  0.228320	

MOTIF UP00079.1.ZHAO2011 sci09.v1_Esrra_2190

letter-probability matrix: alength= 4 w= 15 nsites= 20 E= 0
  0.211504	  0.438887	  0.250696	  0.098913	
  0.694244	  0.031907	  0.196925	  0.076924	
  0.859775	  0.027023	  0.109582	  0.003621	
  0.034873	  0.003040	  0.872812	  0.089275	
  0.012261	  0.000332	  0.969117	  0.018291	
  0.139578	  0.013311	  0.127564	  0.719547	
  0.005847	  0.785134	  0.077933	  0.131086	
  0.731590	  0.013400	  0.229343	  0.025667	
  0.289813	  0.257041	  0.132852	  0.320293	
  0.465752	  0.068922	  0.206173	  0.259153	
  0.000000	  0.000000	  1.000000	  0.000000	
  1.000000	  0.000000	  0.000000	  0.000000	
  0.000000	  0.000000	  0.000000	  1.000000	
  0.436902	  0.000000	  0.515875	  0.047223	
  0.093604	  0.028671	  0.861401	  0.016324	

MOTIF UP00079.2.ZHAO2011 sci09.v2_Esrra_2190

letter-probability matrix: alength= 4 w= 15 nsites= 20 E= 0
  0.026708	  0.209554	  0.017549	  0.746189	
  0.136797	  0.075830	  0.779380	  0.007992	
  0.746296	  0.123362	  0.008208	  0.122134	
  0.008459	  0.977733	  0.000674	  0.013134	
  0.067702	  0.902454	  0.000616	  0.029228	
  0.006417	  0.090832	  0.023547	  0.879203	
  0.073029	  0.185094	  0.020715	  0.721162	
  0.100878	  0.253132	  0.438742	  0.207247	
  0.397777	  0.170016	  0.258757	  0.173450	
  0.465752	  0.068922	  0.206173	  0.259153	
  0.000000	  0.000000	  1.000000	  0.000000	
  1.000000	  0.000000	  0.000000	  0.000000	
  0.000000	  0.000000	  0.000000	  1.000000	
  0.436902	  0.000000	  0.515875	  0.047223	
  0.093604	  0.028671	  0.861401	  0.016324	

MOTIF ERRA_1.GUERTIN ERRA

letter-probability matrix: alength= 4 w= 11 nsites= 20 E= 0
  0.077088	  0.372591	  0.081370	  0.468951	
  0.059957	  0.751606	  0.173448	  0.014989	
  1.000000	  0.000000	  0.000000	  0.000000	
  0.974304	  0.000000	  0.025696	  0.000000	
  0.000000	  0.000000	  1.000000	  0.000000	
  0.000000	  0.000000	  1.000000	  0.000000	
  0.057816	  0.000000	  0.047109	  0.895075	
  0.000000	  0.886510	  0.042827	  0.070664	
  0.959315	  0.000000	  0.040685	  0.000000	
  0.246253	  0.434690	  0.149893	  0.169165	
  0.398287	  0.214133	  0.237687	  0.149893	

MOTIF ERRA_2.GUERTIN ERRA

letter-probability matrix: alength= 4 w= 15 nsites= 20 E= 0
  0.007905	  0.980237	  0.011858	  0.000000	
  0.632411	  0.051383	  0.237154	  0.079051	
  0.035573	  0.624506	  0.320158	  0.019763	
  0.075099	  0.557312	  0.106719	  0.260870	
  0.916996	  0.000000	  0.043478	  0.039526	
  0.000000	  0.000000	  0.996047	  0.003953	
  0.339921	  0.003953	  0.656126	  0.000000	
  0.023715	  0.031621	  0.683794	  0.260870	
  0.007905	  0.000000	  0.992095	  0.000000	
  0.023715	  0.011858	  0.916996	  0.047431	
  0.098814	  0.841897	  0.019763	  0.039526	
  0.312253	  0.031621	  0.652174	  0.003953	
  0.035573	  0.604743	  0.312253	  0.047431	
  0.114625	  0.446640	  0.098814	  0.339921	
  0.288538	  0.308300	  0.367589	  0.035573	

MOTIF ERRA_3.GUERTIN ERRA

letter-probability matrix: alength= 4 w= 19 nsites= 20 E= 0
  0.000000	  0.772152	  0.025316	  0.202532	
  0.734177	  0.075949	  0.050633	  0.139241	
  0.177215	  0.037975	  0.721519	  0.063291	
  0.063291	  0.164557	  0.000000	  0.772152	
  0.025316	  0.050633	  0.113924	  0.810127	
  0.012658	  0.050633	  0.050633	  0.886076	
  0.025316	  0.620253	  0.050633	  0.303797	
  0.025316	  0.708861	  0.037975	  0.227848	
  0.075949	  0.151899	  0.037975	  0.734177	
  0.025316	  0.696203	  0.025316	  0.253165	
  0.708861	  0.101266	  0.037975	  0.151899	
  0.037975	  0.075949	  0.025316	  0.860759	
  0.012658	  0.822785	  0.000000	  0.164557	
  0.063291	  0.025316	  0.012658	  0.898734	
  0.075949	  0.050633	  0.848101	  0.025316	
  0.075949	  0.177215	  0.012658	  0.734177	
  0.683544	  0.075949	  0.227848	  0.012658	
  0.924051	  0.012658	  0.037975	  0.025316	
  0.848101	  0.037975	  0.101266	  0.012658	

MOTIF ERRA_4.GUERTIN ERRA

letter-probability matrix: alength= 4 w= 19 nsites= 20 E= 0
  0.953488	  0.046512	  0.000000	  0.000000	
  0.000000	  0.976744	  0.023256	  0.000000	
  0.000000	  0.046512	  0.000000	  0.953488	
  0.883721	  0.069767	  0.046512	  0.000000	
  0.000000	  0.976744	  0.023256	  0.000000	
  0.697674	  0.093023	  0.162791	  0.046512	
  0.465116	  0.069767	  0.093023	  0.372093	
  0.139535	  0.372093	  0.139535	  0.348837	
  0.046512	  0.046512	  0.093023	  0.813953	
  0.046512	  0.953488	  0.000000	  0.000000	
  0.000000	  1.000000	  0.000000	  0.000000	
  0.000000	  0.976744	  0.023256	  0.000000	
  0.581395	  0.023256	  0.395349	  0.000000	
  0.046512	  0.093023	  0.720930	  0.139535	
  0.348837	  0.395349	  0.232558	  0.023256	
  0.651163	  0.023256	  0.325581	  0.000000	
  0.046512	  0.069767	  0.604651	  0.279070	
  0.046512	  0.255814	  0.697674	  0.000000	
  0.000000	  0.906977	  0.046512	  0.046512	

MOTIF ESRRA.1_1.ZLAB ESRRA

letter-probability matrix: alength= 4 w= 10 nsites= 20 E= 0
  0.122000	  0.378000	  0.350000	  0.150000	
  0.080000	  0.570000	  0.092000	  0.258000	
  0.226000	  0.624000	  0.128000	  0.022000	
  0.866000	  0.036000	  0.094000	  0.004000	
  0.906000	  0.002000	  0.086000	  0.006000	
  0.022000	  0.000000	  0.972000	  0.006000	
  0.006000	  0.000000	  0.946000	  0.048000	
  0.076000	  0.048000	  0.166000	  0.710000	
  0.000000	  0.924000	  0.062000	  0.014000	
  0.892000	  0.038000	  0.046000	  0.024000	

MOTIF ESRRA.1_2.ZLAB ESRRA

letter-probability matrix: alength= 4 w= 28 nsites= 20 E= 0
  0.081081	  0.027027	  0.837838	  0.054054	
  0.000000	  0.783784	  0.081081	  0.135135	
  0.054054	  0.729730	  0.000000	  0.216216	
  0.054054	  0.135135	  0.000000	  0.810811	
  0.000000	  0.891892	  0.027027	  0.081081	
  0.648649	  0.189189	  0.135135	  0.027027	
  0.189189	  0.135135	  0.648649	  0.027027	
  0.027027	  0.162162	  0.108108	  0.702703	
  0.054054	  0.108108	  0.135135	  0.702703	
  0.054054	  0.027027	  0.135135	  0.783784	
  0.000000	  0.702703	  0.054054	  0.243243	
  0.027027	  0.675676	  0.081081	  0.216216	
  0.027027	  0.270270	  0.054054	  0.648649	
  0.081081	  0.702703	  0.054054	  0.162162	
  0.648649	  0.216216	  0.108108	  0.027027	
  0.054054	  0.027027	  0.027027	  0.891892	
  0.000000	  0.945946	  0.000000	  0.054054	
  0.000000	  0.054054	  0.081081	  0.864865	
  0.108108	  0.027027	  0.864865	  0.000000	
  0.108108	  0.270270	  0.000000	  0.621622	
  0.594595	  0.027027	  0.297297	  0.081081	
  0.837838	  0.108108	  0.027027	  0.027027	
  0.945946	  0.000000	  0.000000	  0.054054	
  0.810811	  0.000000	  0.135135	  0.054054	
  0.027027	  0.027027	  0.108108	  0.837838	
  0.000000	  0.000000	  0.972973	  0.027027	
  0.027027	  0.000000	  0.972973	  0.000000	
  0.081081	  0.027027	  0.864865	  0.027027	

MOTIF ESRRA.1_3.ZLAB ESRRA

letter-probability matrix: alength= 4 w= 10 nsites= 20 E= 0
  0.356522	  0.169565	  0.417391	  0.056522	
  0.673913	  0.000000	  0.326087	  0.000000	
  0.000000	  0.000000	  1.000000	  0.000000	
  0.200000	  0.000000	  0.495652	  0.304348	
  0.139130	  0.286957	  0.286957	  0.286957	
  0.000000	  1.000000	  0.000000	  0.000000	
  1.000000	  0.000000	  0.000000	  0.000000	
  0.352174	  0.186957	  0.460870	  0.000000	
  0.569565	  0.000000	  0.252174	  0.178261	
  0.000000	  0.000000	  1.000000	  0.000000	

MOTIF ESRRA.1_4.ZLAB ESRRA

letter-probability matrix: alength= 4 w= 28 nsites= 20 E= 0
  0.000000	  0.000000	  0.250000	  0.750000	
  0.000000	  0.000000	  0.000000	  1.000000	
  0.000000	  0.000000	  0.875000	  0.125000	
  1.000000	  0.000000	  0.000000	  0.000000	
  0.000000	  1.000000	  0.000000	  0.000000	
  0.000000	  1.000000	  0.000000	  0.000000	
  0.125000	  0.000000	  0.000000	  0.875000	
  0.000000	  0.000000	  0.125000	  0.875000	
  0.125000	  0.000000	  0.875000	  0.000000	
  1.000000	  0.000000	  0.000000	  0.000000	
  0.875000	  0.125000	  0.000000	  0.000000	
  0.750000	  0.000000	  0.250000	  0.000000	
  0.000000	  0.250000	  0.000000	  0.750000	
  0.250000	  0.000000	  0.750000	  0.000000	
  0.000000	  0.875000	  0.000000	  0.125000	
  0.000000	  0.875000	  0.000000	  0.125000	
  1.000000	  0.000000	  0.000000	  0.000000	
  0.125000	  0.000000	  0.000000	  0.875000	
  0.250000	  0.000000	  0.750000	  0.000000	
  0.125000	  0.000000	  0.000000	  0.875000	
  0.000000	  0.000000	  1.000000	  0.000000	
  0.000000	  1.000000	  0.000000	  0.000000	
  0.000000	  0.000000	  0.000000	  1.000000	
  0.000000	  0.875000	  0.000000	  0.125000	
  0.000000	  0.000000	  0.000000	  1.000000	
  0.000000	  1.000000	  0.000000	  0.000000	
  0.000000	  0.625000	  0.000000	  0.375000	
  1.000000	  0.000000	  0.000000	  0.000000	

MOTIF ESRRA.1_5.ZLAB ESRRA

letter-probability matrix: alength= 4 w= 12 nsites= 20 E= 0
  0.000000	  0.031250	  0.843750	  0.125000	
  0.093750	  0.906250	  0.000000	  0.000000	
  0.000000	  1.000000	  0.000000	  0.000000	
  0.625000	  0.375000	  0.000000	  0.000000	
  0.000000	  0.750000	  0.000000	  0.250000	
  0.031250	  0.906250	  0.062500	  0.000000	
  0.000000	  0.000000	  0.000000	  1.000000	
  0.250000	  0.000000	  0.687500	  0.062500	
  0.000000	  0.312500	  0.687500	  0.000000	
  0.093750	  0.000000	  0.031250	  0.875000	
  0.000000	  0.000000	  1.000000	  0.000000	
  0.000000	  0.000000	  1.000000	  0.000000	

MOTIF Esrra.TF2DNA Esrra

letter-probability matrix: alength= 4 w= 7 nsites= 20 E= 0
  0.000000	  0.000000	  0.142000	  0.858000	
  0.000000	  0.000000	  1.000000	  0.000000	
  1.000000	  0.000000	  0.000000	  0.000000	
  0.000000	  1.000000	  0.000000	  0.000000	
  0.000000	  1.000000	  0.000000	  0.000000	
  0.000000	  0.000000	  0.000000	  1.000000	
  0.224000	  0.145000	  0.320000	  0.311000	

MOTIF ESRRA.SWISSREGULON ESRRA.p2

letter-probability matrix: alength= 4 w= 13 nsites= 20 E= 0
  0.087571	  0.170221	  0.485584	  0.256625	
  0.106087	  0.455721	  0.174168	  0.264025	
  0.067280	  0.144201	  0.064123	  0.724395	
  0.139505	  0.590128	  0.232308	  0.038059	
  0.869876	  0.004654	  0.120587	  0.004883	
  0.995042	  0.004958	  0.000000	  0.000000	
  0.004702	  0.000000	  0.990535	  0.004763	
  0.000000	  0.000000	  1.000000	  0.000000	
  0.019318	  0.000000	  0.000000	  0.980682	
  0.000000	  0.990636	  0.009364	  0.000000	
  1.000000	  0.000000	  0.000000	  0.000000	
  0.101366	  0.676688	  0.101956	  0.119990	
  0.430754	  0.130314	  0.264080	  0.174852	

MOTIF M4438_1.02.CIS-BP ESRRA

letter-probability matrix: alength= 4 w= 14 nsites= 20 E= 0
  0.078534	  0.000000	  0.845550	  0.075916	
  0.075916	  0.013089	  0.879581	  0.031414	
  0.073298	  0.054974	  0.243455	  0.628273	
  0.000000	  0.913613	  0.020942	  0.065445	
  0.735602	  0.028796	  0.117801	  0.117801	
  0.151832	  0.298429	  0.253927	  0.295812	
  0.000000	  0.000000	  0.536649	  0.463351	
  0.107330	  0.282723	  0.494764	  0.115183	
  0.070681	  0.120419	  0.018325	  0.790575	
  0.083770	  0.065445	  0.850785	  0.000000	
  0.667539	  0.206806	  0.068063	  0.057592	
  0.007853	  0.952880	  0.000000	  0.039267	
  0.099476	  0.821990	  0.000000	  0.078534	
  0.057592	  0.324607	  0.068063	  0.549738	

