MEME version 4.4

ALPHABET= ACGT

strands: + -

Background letter frequencies (from uniform background):
A 0.25000 C 0.25000 G 0.25000 T 0.25000 

MOTIF MA0506.1.JASPAR NRF1

letter-probability matrix: alength= 4 w= 10 nsites= 20 E= 0
  0.134732	  0.865268	  0.000000	  0.000000	
  0.042388	  0.040874	  0.916739	  0.000000	
  0.000000	  0.868512	  0.101211	  0.030277	
  0.327422	  0.402682	  0.202206	  0.067690	
  0.000000	  0.087154	  0.114187	  0.798659	
  0.000000	  0.000000	  1.000000	  0.000000	
  0.000000	  0.938149	  0.000000	  0.061851	
  0.000000	  0.075476	  0.924524	  0.000000	
  0.016003	  0.983997	  0.000000	  0.000000	
  0.485510	  0.173875	  0.340614	  0.000000	

MOTIF NF2L1_f1.HOCOMOCO NF2L1

letter-probability matrix: alength= 4 w= 6 nsites= 20 E= 0
  0.767857	  0.062500	  0.160714	  0.008929	
  0.026786	  0.008929	  0.017857	  0.946429	
  0.080357	  0.000000	  0.892857	  0.026786	
  0.991071	  0.008929	  0.000000	  0.000000	
  0.026786	  0.714286	  0.044643	  0.214286	
  0.241071	  0.080357	  0.250000	  0.428571	

MOTIF NRF1_f1.HOCOMOCO NRF1

letter-probability matrix: alength= 4 w= 11 nsites= 20 E= 0
  0.124457	  0.728804	  0.086957	  0.059783	
  0.077717	  0.038587	  0.847826	  0.035870	
  0.007065	  0.876630	  0.098370	  0.017935	
  0.891304	  0.040761	  0.048370	  0.019565	
  0.107065	  0.126630	  0.286413	  0.479891	
  0.024457	  0.019022	  0.817935	  0.138587	
  0.029348	  0.908696	  0.022826	  0.039130	
  0.019022	  0.063587	  0.834239	  0.083152	
  0.050000	  0.863043	  0.085870	  0.001087	
  0.730978	  0.082609	  0.163043	  0.023370	
  0.151087	  0.212500	  0.537500	  0.098913	

MOTIF NRF1.HOMER MCF7-NRF1-ChIP-Seq

letter-probability matrix: alength= 4 w= 11 nsites= 20 E= 0
  0.052000	  0.170000	  0.106000	  0.673000	
  0.036000	  0.006000	  0.955000	  0.003000	
  0.040000	  0.936000	  0.018000	  0.006000	
  0.017000	  0.004000	  0.976000	  0.003000	
  0.005000	  0.983000	  0.007000	  0.006000	
  0.734000	  0.168000	  0.068000	  0.031000	
  0.041000	  0.077000	  0.167000	  0.715000	
  0.005000	  0.013000	  0.975000	  0.007000	
  0.011000	  0.959000	  0.004000	  0.026000	
  0.008000	  0.020000	  0.922000	  0.050000	
  0.006000	  0.928000	  0.009000	  0.057000	

MOTIF NRF1_disc1.POUR NRF1_HeLa-S3_encode-Snyder_seq_hsa_IgG-mus_r1:MEME#2#Intergenic

letter-probability matrix: alength= 4 w= 14 nsites= 20 E= 0
  0.386555	  0.163866	  0.159664	  0.289916	
  0.025210	  0.655463	  0.218487	  0.100840	
  0.021008	  0.109244	  0.012605	  0.857143	
  0.042017	  0.000000	  0.957983	  0.000000	
  0.012605	  0.962185	  0.025210	  0.000000	
  0.000000	  0.000000	  1.000000	  0.000000	
  0.004202	  0.978991	  0.012605	  0.004202	
  0.672270	  0.243697	  0.063025	  0.021008	
  0.050420	  0.084034	  0.163866	  0.701680	
  0.000000	  0.000000	  0.995798	  0.004202	
  0.000000	  0.953782	  0.000000	  0.046218	
  0.000000	  0.021008	  0.886555	  0.092437	
  0.012605	  0.865547	  0.021008	  0.100840	
  0.369748	  0.277311	  0.285714	  0.067227	

MOTIF NRF1_disc2.POUR NRF1_H1-hESC_encode-Snyder_seq_hsa_IgG-rab_r1:Trawler#1#Intergenic

letter-probability matrix: alength= 4 w= 7 nsites= 20 E= 0
  1.000000	  0.000000	  0.000000	  0.000000	
  0.000000	  0.473684	  0.526316	  0.000000	
  0.000000	  1.000000	  0.000000	  0.000000	
  0.000000	  0.000000	  1.000000	  0.000000	
  0.000000	  0.000000	  1.000000	  0.000000	
  1.000000	  0.000000	  0.000000	  0.000000	
  0.631579	  0.210526	  0.000000	  0.157895	

MOTIF NRF1_disc3.POUR NRF1_K562_encode-Snyder_seq_hsa_IgG-rab_r1:AlignACE#3#Intergenic

letter-probability matrix: alength= 4 w= 9 nsites= 20 E= 0
  0.095937	  0.511286	  0.244921	  0.147856	
  0.229120	  0.000000	  0.756207	  0.014673	
  0.100451	  0.382619	  0.476298	  0.040632	
  0.028217	  0.015801	  0.955982	  0.000000	
  0.123025	  0.699774	  0.148984	  0.028217	
  0.168172	  0.159142	  0.569977	  0.102709	
  0.032731	  0.388262	  0.556434	  0.022573	
  0.199774	  0.212190	  0.501129	  0.086907	
  0.011287	  0.133183	  0.851015	  0.004515	

MOTIF NRF1_full.JOLMA NRF1

letter-probability matrix: alength= 4 w= 11 nsites= 20 E= 0
  0.258107	  0.001569	  0.740324	  0.000000	
  0.012165	  0.984011	  0.003128	  0.000695	
  0.020352	  0.001725	  0.976544	  0.001380	
  0.000353	  0.999294	  0.000000	  0.000353	
  0.957066	  0.014537	  0.021636	  0.006761	
  0.006956	  0.040079	  0.015237	  0.937728	
  0.000000	  0.001410	  0.997885	  0.000705	
  0.001731	  0.980263	  0.001385	  0.016620	
  0.001021	  0.013615	  0.963581	  0.021784	
  0.002281	  0.807013	  0.003421	  0.187286	
  0.459555	  0.175556	  0.157542	  0.207347	

MOTIF NRF1_1.GUERTIN NRF1

letter-probability matrix: alength= 4 w= 11 nsites= 20 E= 0
  0.070668	  0.000000	  0.929332	  0.000000	
  0.017425	  0.981607	  0.000968	  0.000000	
  0.004840	  0.000000	  0.995160	  0.000000	
  0.000000	  1.000000	  0.000000	  0.000000	
  0.931268	  0.017425	  0.051307	  0.000000	
  0.077444	  0.170378	  0.438529	  0.313650	
  0.016457	  0.100678	  0.878025	  0.004840	
  0.030978	  0.860600	  0.027106	  0.081317	
  0.032914	  0.084221	  0.749274	  0.133591	
  0.011617	  0.804453	  0.063892	  0.120039	
  0.340755	  0.261375	  0.308809	  0.089061	

MOTIF NRF1_2.GUERTIN NRF1

letter-probability matrix: alength= 4 w= 19 nsites= 20 E= 0
  0.294521	  0.041096	  0.092466	  0.571918	
  0.332192	  0.157534	  0.154110	  0.356164	
  0.284247	  0.027397	  0.000000	  0.688356	
  0.140411	  0.068493	  0.232877	  0.558219	
  0.136986	  0.205479	  0.133562	  0.523973	
  0.400685	  0.215753	  0.047945	  0.335616	
  0.315068	  0.147260	  0.041096	  0.496575	
  0.195205	  0.154110	  0.065068	  0.585616	
  0.106164	  0.000000	  0.119863	  0.773973	
  0.058219	  0.219178	  0.345890	  0.376712	
  0.164384	  0.380137	  0.044521	  0.410959	
  0.297945	  0.000000	  0.044521	  0.657534	
  0.164384	  0.044521	  0.397260	  0.393836	
  0.335616	  0.089041	  0.113014	  0.462329	
  0.318493	  0.178082	  0.102740	  0.400685	
  0.250000	  0.054795	  0.003425	  0.691781	
  0.109589	  0.178082	  0.030822	  0.681507	
  0.181507	  0.147260	  0.065068	  0.606164	
  0.294521	  0.037671	  0.044521	  0.623288	

MOTIF NRF1_3.GUERTIN NRF1

letter-probability matrix: alength= 4 w= 11 nsites= 20 E= 0
  0.314286	  0.125714	  0.508571	  0.051429	
  0.182857	  0.000000	  0.582857	  0.234286	
  0.137143	  0.000000	  0.862857	  0.000000	
  0.000000	  0.000000	  1.000000	  0.000000	
  0.000000	  0.000000	  1.000000	  0.000000	
  0.154286	  0.845714	  0.000000	  0.000000	
  0.000000	  0.000000	  1.000000	  0.000000	
  0.000000	  0.000000	  1.000000	  0.000000	
  0.251429	  0.000000	  0.680000	  0.068571	
  0.131429	  0.005714	  0.845714	  0.017143	
  0.114286	  0.800000	  0.000000	  0.085714	

MOTIF NRF1_4.GUERTIN NRF1

letter-probability matrix: alength= 4 w= 19 nsites= 20 E= 0
  0.000000	  0.933333	  0.000000	  0.066667	
  0.800000	  0.200000	  0.000000	  0.000000	
  0.133333	  0.866667	  0.000000	  0.000000	
  0.666667	  0.000000	  0.333333	  0.000000	
  0.000000	  1.000000	  0.000000	  0.000000	
  0.866667	  0.066667	  0.000000	  0.066667	
  0.000000	  0.800000	  0.000000	  0.200000	
  0.600000	  0.000000	  0.333333	  0.066667	
  0.000000	  0.866667	  0.000000	  0.133333	
  1.000000	  0.000000	  0.000000	  0.000000	
  0.066667	  0.800000	  0.133333	  0.000000	
  0.600000	  0.000000	  0.333333	  0.066667	
  0.066667	  0.800000	  0.000000	  0.133333	
  1.000000	  0.000000	  0.000000	  0.000000	
  0.000000	  1.000000	  0.000000	  0.000000	
  0.600000	  0.000000	  0.400000	  0.000000	
  0.000000	  1.000000	  0.000000	  0.000000	
  0.800000	  0.000000	  0.200000	  0.000000	
  0.000000	  0.800000	  0.200000	  0.000000	

MOTIF NRF1.1_1.ZLAB NRF1

letter-probability matrix: alength= 4 w= 14 nsites= 20 E= 0
  0.102000	  0.012000	  0.886000	  0.000000	
  0.068000	  0.918000	  0.014000	  0.000000	
  0.022000	  0.000000	  0.972000	  0.006000	
  0.006000	  0.988000	  0.006000	  0.000000	
  0.690000	  0.212000	  0.076000	  0.022000	
  0.034000	  0.030000	  0.132000	  0.804000	
  0.004000	  0.000000	  0.994000	  0.002000	
  0.000000	  1.000000	  0.000000	  0.000000	
  0.000000	  0.004000	  0.970000	  0.026000	
  0.000000	  0.976000	  0.000000	  0.024000	
  0.840000	  0.036000	  0.092000	  0.032000	
  0.122000	  0.280000	  0.564000	  0.034000	
  0.182000	  0.236000	  0.204000	  0.378000	
  0.152000	  0.126000	  0.652000	  0.070000	

MOTIF NRF1.1_2.ZLAB NRF1

letter-probability matrix: alength= 4 w= 14 nsites= 20 E= 0
  0.364865	  0.180180	  0.202703	  0.252252	
  0.157658	  0.441441	  0.238739	  0.162162	
  0.099099	  0.256757	  0.153153	  0.490991	
  0.126126	  0.009009	  0.864865	  0.000000	
  0.121622	  0.855856	  0.022523	  0.000000	
  0.027027	  0.000000	  0.972973	  0.000000	
  0.004505	  0.923423	  0.045045	  0.027027	
  0.319820	  0.441441	  0.202703	  0.036036	
  0.013514	  0.004505	  0.027027	  0.954955	
  0.000000	  0.000000	  1.000000	  0.000000	
  0.022523	  0.923423	  0.009009	  0.045045	
  0.000000	  0.022523	  0.963964	  0.013514	
  0.000000	  0.815315	  0.009009	  0.175676	
  0.310811	  0.193694	  0.396396	  0.099099	

MOTIF NRF1.1_3.ZLAB NRF1

letter-probability matrix: alength= 4 w= 20 nsites= 20 E= 0
  0.000000	  0.000000	  0.916667	  0.083333	
  0.041667	  0.583333	  0.250000	  0.125000	
  0.250000	  0.541667	  0.000000	  0.208333	
  0.083333	  0.291667	  0.041667	  0.583333	
  0.041667	  0.208333	  0.375000	  0.375000	
  0.125000	  0.625000	  0.000000	  0.250000	
  0.000000	  0.333333	  0.000000	  0.666667	
  0.041667	  0.000000	  0.958333	  0.000000	
  0.000000	  0.000000	  1.000000	  0.000000	
  0.041667	  0.000000	  0.958333	  0.000000	
  0.958333	  0.000000	  0.041667	  0.000000	
  0.458333	  0.041667	  0.416667	  0.083333	
  0.166667	  0.083333	  0.250000	  0.500000	
  0.000000	  0.125000	  0.000000	  0.875000	
  0.083333	  0.000000	  0.916667	  0.000000	
  0.083333	  0.000000	  0.125000	  0.791667	
  0.791667	  0.000000	  0.208333	  0.000000	
  0.000000	  0.000000	  1.000000	  0.000000	
  0.000000	  0.000000	  0.083333	  0.916667	
  0.000000	  0.458333	  0.000000	  0.541667	

MOTIF NRF1.1_4.ZLAB NRF1

letter-probability matrix: alength= 4 w= 20 nsites= 20 E= 0
  0.000000	  0.392857	  0.160714	  0.446429	
  0.000000	  0.392857	  0.053571	  0.553571	
  0.000000	  0.285714	  0.000000	  0.714286	
  0.089286	  0.589286	  0.142857	  0.178571	
  0.089286	  0.517857	  0.303571	  0.089286	
  0.000000	  0.732143	  0.035714	  0.232143	
  0.017857	  0.517857	  0.000000	  0.464286	
  0.035714	  0.357143	  0.071429	  0.535714	
  0.000000	  0.428571	  0.428571	  0.142857	
  0.232143	  0.660714	  0.000000	  0.107143	
  0.000000	  0.321429	  0.357143	  0.321429	
  0.000000	  0.553571	  0.035714	  0.410714	
  0.035714	  0.535714	  0.000000	  0.428571	
  0.000000	  0.321429	  0.000000	  0.678571	
  0.000000	  0.428571	  0.017857	  0.553571	
  0.000000	  0.660714	  0.017857	  0.321429	
  0.142857	  0.607143	  0.089286	  0.160714	
  0.089286	  0.357143	  0.267857	  0.285714	
  0.000000	  0.250000	  0.267857	  0.482143	
  0.071429	  0.303571	  0.017857	  0.607143	

MOTIF NRF1.1_5.ZLAB NRF1

letter-probability matrix: alength= 4 w= 14 nsites= 20 E= 0
  0.288889	  0.377778	  0.111111	  0.222222	
  0.400000	  0.200000	  0.400000	  0.000000	
  0.155556	  0.088889	  0.755556	  0.000000	
  0.000000	  0.933333	  0.000000	  0.066667	
  0.111111	  0.533333	  0.000000	  0.355556	
  0.022222	  0.977778	  0.000000	  0.000000	
  0.000000	  1.000000	  0.000000	  0.000000	
  0.000000	  0.000000	  0.777778	  0.222222	
  0.000000	  1.000000	  0.000000	  0.000000	
  0.000000	  1.000000	  0.000000	  0.000000	
  0.000000	  1.000000	  0.000000	  0.000000	
  0.133333	  0.644444	  0.000000	  0.222222	
  0.000000	  0.400000	  0.288889	  0.311111	
  0.000000	  0.577778	  0.044444	  0.377778	

MOTIF Nfe2l1.TF2DNA Nfe2l1

letter-probability matrix: alength= 4 w= 7 nsites= 20 E= 0
  0.000000	  0.000000	  1.000000	  0.000000	
  0.074000	  0.014000	  0.000000	  0.912000	
  0.247000	  0.466000	  0.210000	  0.077000	
  0.207000	  0.000000	  0.793000	  0.000000	
  0.127000	  0.062000	  0.165000	  0.646000	
  0.181000	  0.251000	  0.032000	  0.536000	
  0.617000	  0.021000	  0.361000	  0.000000	

MOTIF NFE2L1.SWISSREGULON NFE2L1.p2

letter-probability matrix: alength= 4 w= 5 nsites= 20 E= 0
  0.963754	  0.000000	  0.036246	  0.000000	
  0.000000	  0.000000	  0.000000	  1.000000	
  0.000000	  0.000000	  0.999043	  0.000957	
  1.000000	  0.000000	  0.000000	  0.000000	
  0.000000	  0.890707	  0.000000	  0.109293	

MOTIF NRF1.SWISSREGULON NRF1.p2

letter-probability matrix: alength= 4 w= 9 nsites= 20 E= 0
  0.020081	  0.000000	  0.979919	  0.000000	
  0.000000	  1.000000	  0.000000	  0.000000	
  0.475995	  0.101971	  0.374069	  0.047966	
  0.000000	  0.000000	  0.011995	  0.988005	
  0.000000	  0.000000	  1.000000	  0.000000	
  0.001993	  0.998007	  0.000000	  0.000000	
  0.000000	  0.000000	  1.000000	  0.000000	
  0.000000	  0.937905	  0.000000	  0.062095	
  0.519883	  0.019986	  0.440104	  0.020027	

MOTIF M2305_1.02.CIS-BP NRF1

letter-probability matrix: alength= 4 w= 10 nsites= 20 E= 0
  0.000000	  0.000000	  0.983997	  0.016003	
  0.000000	  0.924524	  0.075476	  0.000000	
  0.061851	  0.000000	  0.938149	  0.000000	
  0.000000	  1.000000	  0.000000	  0.000000	
  0.798659	  0.114187	  0.087154	  0.000000	
  0.067690	  0.202206	  0.402682	  0.327422	
  0.030277	  0.101211	  0.868512	  0.000000	
  0.000000	  0.916739	  0.040874	  0.042388	
  0.000000	  0.000000	  0.865268	  0.134732	
  0.000000	  0.788711	  0.081099	  0.130190	

MOTIF M6359_1.02.CIS-BP NFE2L1

letter-probability matrix: alength= 4 w= 6 nsites= 20 E= 0
  0.765822	  0.060701	  0.160143	  0.013333	
  0.028236	  0.007059	  0.021177	  0.943529	
  0.076584	  0.001765	  0.892127	  0.029525	
  0.992941	  0.007059	  0.000000	  0.000000	
  0.027451	  0.709993	  0.046584	  0.215972	
  0.241736	  0.080024	  0.248936	  0.429305	

