MEME version 4.4

ALPHABET= ACGT

strands: + -

Background letter frequencies (from uniform background):
A 0.25000 C 0.25000 G 0.25000 T 0.25000 

MOTIF MA0473.1.JASPAR ELF1

letter-probability matrix: alength= 4 w= 12 nsites= 20 E= 0
  0.517088	  0.111111	  0.263574	  0.108226	
  0.590176	  0.089288	  0.171475	  0.149061	
  0.302264	  0.339473	  0.230138	  0.128125	
  0.068353	  0.740272	  0.191374	  0.000000	
  0.660527	  0.339473	  0.000000	  0.000000	
  0.000000	  0.000000	  1.000000	  0.000000	
  0.000000	  0.000000	  1.000000	  0.000000	
  1.000000	  0.000000	  0.000000	  0.000000	
  1.000000	  0.000000	  0.000000	  0.000000	
  0.087513	  0.000000	  0.912487	  0.000000	
  0.116215	  0.154905	  0.013242	  0.715638	
  0.194851	  0.128347	  0.601050	  0.075751	

MOTIF ELF1_f1.HOCOMOCO ELF1

letter-probability matrix: alength= 4 w= 9 nsites= 20 E= 0
  0.078947	  0.697368	  0.197368	  0.026316	
  0.473684	  0.526316	  0.000000	  0.000000	
  0.000000	  0.000000	  1.000000	  0.000000	
  0.000000	  0.000000	  1.000000	  0.000000	
  0.986842	  0.000000	  0.013158	  0.000000	
  0.973684	  0.000000	  0.000000	  0.026316	
  0.210526	  0.078947	  0.697368	  0.013158	
  0.118421	  0.250000	  0.065789	  0.565789	
  0.197368	  0.157895	  0.434211	  0.210526	

MOTIF ELF1.HOMER Jurkat-ELF1-ChIP-Seq

letter-probability matrix: alength= 4 w= 9 nsites= 20 E= 0
  0.358000	  0.289000	  0.249000	  0.105000	
  0.058000	  0.717000	  0.201000	  0.024000	
  0.092000	  0.889000	  0.011000	  0.008000	
  0.007000	  0.012000	  0.979000	  0.002000	
  0.012000	  0.011000	  0.969000	  0.008000	
  0.961000	  0.008000	  0.016000	  0.015000	
  0.960000	  0.014000	  0.008000	  0.018000	
  0.085000	  0.062000	  0.833000	  0.020000	
  0.099000	  0.241000	  0.049000	  0.611000	

MOTIF ELF1_disc1.POUR ELF1_HepG2_encode-Myers_seq_hsa_v041610.1-SC-631_r1:MDscan#3#Intergenic

letter-probability matrix: alength= 4 w= 9 nsites= 20 E= 0
  0.000000	  0.902703	  0.000000	  0.097297	
  0.000000	  0.000000	  0.000000	  1.000000	
  0.000000	  0.000000	  0.000000	  1.000000	
  0.000000	  1.000000	  0.000000	  0.000000	
  0.000000	  1.000000	  0.000000	  0.000000	
  0.000000	  0.000000	  0.956757	  0.043243	
  0.000000	  0.205405	  0.794595	  0.000000	
  0.027027	  0.162162	  0.540541	  0.270270	
  0.194595	  0.064865	  0.054054	  0.686486	

MOTIF ELF1_disc2.POUR ELF1_HepG2_encode-Myers_seq_hsa_v041610.1-SC-631_r1:AlignACE#3#Intergenic

letter-probability matrix: alength= 4 w= 9 nsites= 20 E= 0
  0.000000	  0.517319	  0.482681	  0.000000	
  0.186747	  0.562500	  0.250753	  0.000000	
  0.000000	  0.210843	  0.789157	  0.000000	
  0.000000	  0.000000	  1.000000	  0.000000	
  0.436747	  0.411898	  0.151355	  0.000000	
  0.426205	  0.176958	  0.396837	  0.000000	
  0.000000	  0.270331	  0.729669	  0.000000	
  0.085843	  0.431476	  0.243976	  0.238705	
  0.067771	  0.279367	  0.593374	  0.059488	

MOTIF ELF1_disc3.POUR ELF1_K562_encode-Myers_seq_hsa_v041610.2-SC-631_r1:AlignACE#1#Intergenic

letter-probability matrix: alength= 4 w= 12 nsites= 20 E= 0
  0.031556	  0.671926	  0.296518	  0.000000	
  0.249184	  0.217628	  0.277476	  0.255713	
  0.000000	  0.357454	  0.642546	  0.000000	
  0.295974	  0.224701	  0.225245	  0.254081	
  0.180087	  0.237758	  0.459195	  0.122960	
  0.000000	  0.481502	  0.518498	  0.000000	
  0.056583	  0.511970	  0.327530	  0.103917	
  0.000000	  0.517954	  0.482046	  0.000000	
  0.072361	  0.311208	  0.547334	  0.069097	
  0.000000	  0.460827	  0.539173	  0.000000	
  0.268770	  0.250816	  0.271491	  0.208923	
  0.055495	  0.405332	  0.539173	  0.000000	

MOTIF ELF1_DBD.JOLMA ELF1

letter-probability matrix: alength= 4 w= 11 nsites= 20 E= 0
  0.763455	  0.075748	  0.035437	  0.125360	
  0.133348	  0.735438	  0.064220	  0.066994	
  0.025776	  0.906628	  0.067596	  0.000000	
  0.032557	  0.967443	  0.000000	  0.000000	
  0.000000	  0.000000	  1.000000	  0.000000	
  0.000000	  0.000000	  1.000000	  0.000000	
  0.998262	  0.000000	  0.001738	  0.000000	
  0.982891	  0.000285	  0.000000	  0.016823	
  0.135189	  0.000000	  0.864560	  0.000251	
  0.008995	  0.079101	  0.000000	  0.911905	
  0.302380	  0.190366	  0.392919	  0.114335	

MOTIF ELF1_full.JOLMA ELF1

letter-probability matrix: alength= 4 w= 11 nsites= 20 E= 0
  0.875969	  0.046512	  0.031008	  0.046512	
  0.124031	  0.751938	  0.000000	  0.124031	
  0.038168	  0.877863	  0.083969	  0.000000	
  0.000000	  0.936000	  0.048000	  0.016000	
  0.005714	  0.000000	  0.994286	  0.000000	
  0.000000	  0.000000	  0.971910	  0.028090	
  0.991525	  0.000000	  0.000000	  0.008475	
  0.937008	  0.000000	  0.007874	  0.055118	
  0.056497	  0.000000	  0.943503	  0.000000	
  0.019355	  0.032258	  0.051613	  0.896774	
  0.331034	  0.075862	  0.558621	  0.034483	

MOTIF h-ELF1.WEIHUMAN ELF1

letter-probability matrix: alength= 4 w= 9 nsites= 20 E= 0
  0.060000	  0.690000	  0.210000	  0.040000	
  0.130000	  0.840000	  0.020000	  0.010000	
  0.000000	  0.000000	  1.000000	  0.000000	
  0.000000	  0.000000	  1.000000	  0.000000	
  0.970000	  0.010000	  0.000000	  0.020000	
  0.660000	  0.060000	  0.010000	  0.270000	
  0.480000	  0.050000	  0.450000	  0.020000	
  0.060000	  0.180000	  0.070000	  0.690000	
  0.376238	  0.128713	  0.306931	  0.188119	

MOTIF h-ELF1.WEIMOUSE ELF1

letter-probability matrix: alength= 4 w= 9 nsites= 20 E= 0
  0.070000	  0.800000	  0.090000	  0.040000	
  0.140000	  0.850000	  0.010000	  0.000000	
  0.000000	  0.000000	  1.000000	  0.000000	
  0.000000	  0.000000	  1.000000	  0.000000	
  1.000000	  0.000000	  0.000000	  0.000000	
  0.730000	  0.030000	  0.000000	  0.240000	
  0.480000	  0.020000	  0.490000	  0.010000	
  0.050505	  0.141414	  0.040404	  0.767677	
  0.360000	  0.160000	  0.270000	  0.210000	

MOTIF ELF1_1.GUERTIN ELF1

letter-probability matrix: alength= 4 w= 11 nsites= 20 E= 0
  0.380697	  0.187668	  0.259160	  0.172475	
  0.202860	  0.351206	  0.301162	  0.144772	
  0.084897	  0.614835	  0.278820	  0.021448	
  0.411081	  0.521001	  0.067918	  0.000000	
  0.000000	  0.000000	  1.000000	  0.000000	
  0.000000	  0.000000	  1.000000	  0.000000	
  1.000000	  0.000000	  0.000000	  0.000000	
  1.000000	  0.000000	  0.000000	  0.000000	
  0.158177	  0.066130	  0.775693	  0.000000	
  0.136729	  0.289544	  0.161752	  0.411975	
  0.185880	  0.235925	  0.477212	  0.100983	

MOTIF ELF1_2.GUERTIN ELF1

letter-probability matrix: alength= 4 w= 8 nsites= 20 E= 0
  0.000000	  0.744186	  0.000000	  0.255814	
  0.000000	  1.000000	  0.000000	  0.000000	
  0.000000	  1.000000	  0.000000	  0.000000	
  0.000000	  0.000000	  0.584718	  0.415282	
  0.000000	  1.000000	  0.000000	  0.000000	
  0.000000	  1.000000	  0.000000	  0.000000	
  0.000000	  0.794020	  0.000000	  0.205980	
  0.000000	  0.774086	  0.000000	  0.225914	

MOTIF ELF1_3.GUERTIN ELF1

letter-probability matrix: alength= 4 w= 15 nsites= 20 E= 0
  0.000000	  0.041667	  0.291667	  0.666667	
  0.000000	  0.708333	  0.208333	  0.083333	
  0.000000	  0.083333	  0.000000	  0.916667	
  0.083333	  0.000000	  0.916667	  0.000000	
  0.041667	  0.000000	  0.958333	  0.000000	
  0.000000	  0.000000	  1.000000	  0.000000	
  0.958333	  0.000000	  0.041667	  0.000000	
  0.416667	  0.250000	  0.291667	  0.041667	
  0.416667	  0.166667	  0.083333	  0.333333	
  0.041667	  0.041667	  0.000000	  0.916667	
  0.000000	  0.041667	  0.916667	  0.041667	
  0.000000	  0.041667	  0.166667	  0.791667	
  0.958333	  0.000000	  0.041667	  0.000000	
  0.000000	  0.000000	  1.000000	  0.000000	
  0.000000	  0.000000	  0.000000	  1.000000	

MOTIF ELF1_4.GUERTIN ELF1

letter-probability matrix: alength= 4 w= 14 nsites= 20 E= 0
  0.000000	  0.932203	  0.067797	  0.000000	
  0.033898	  0.949153	  0.000000	  0.016949	
  0.491525	  0.067797	  0.338983	  0.101695	
  0.000000	  0.576271	  0.406780	  0.016949	
  0.033898	  0.847458	  0.050847	  0.067797	
  0.983051	  0.000000	  0.000000	  0.016949	
  0.000000	  0.000000	  1.000000	  0.000000	
  0.220339	  0.000000	  0.779661	  0.000000	
  0.067797	  0.000000	  0.711864	  0.220339	
  0.000000	  0.000000	  0.983051	  0.016949	
  0.016949	  0.016949	  0.966102	  0.000000	
  0.050847	  0.932203	  0.000000	  0.016949	
  0.203390	  0.000000	  0.762712	  0.033898	
  0.000000	  0.559322	  0.288136	  0.152542	

MOTIF ELF1.1_1.ZLAB ELF1

letter-probability matrix: alength= 4 w= 10 nsites= 20 E= 0
  0.044000	  0.804000	  0.148000	  0.004000	
  0.066000	  0.924000	  0.006000	  0.004000	
  0.000000	  0.000000	  1.000000	  0.000000	
  0.000000	  0.000000	  1.000000	  0.000000	
  1.000000	  0.000000	  0.000000	  0.000000	
  0.988000	  0.000000	  0.002000	  0.010000	
  0.082000	  0.052000	  0.866000	  0.000000	
  0.028000	  0.260000	  0.040000	  0.672000	
  0.192000	  0.126000	  0.554000	  0.128000	
  0.200000	  0.264000	  0.446000	  0.090000	

MOTIF ELF1.1_2.ZLAB ELF1

letter-probability matrix: alength= 4 w= 10 nsites= 20 E= 0
  0.000000	  0.581281	  0.179803	  0.238916	
  0.000000	  0.000000	  0.000000	  1.000000	
  0.000000	  0.000000	  0.000000	  1.000000	
  0.000000	  1.000000	  0.000000	  0.000000	
  0.000000	  1.000000	  0.000000	  0.000000	
  0.000000	  0.000000	  0.852217	  0.147783	
  0.032020	  0.238916	  0.610837	  0.118227	
  0.096059	  0.362069	  0.280788	  0.261084	
  0.118227	  0.263547	  0.307882	  0.310345	
  0.086207	  0.438424	  0.275862	  0.199507	

MOTIF ELF1.1_3.ZLAB ELF1

letter-probability matrix: alength= 4 w= 20 nsites= 20 E= 0
  0.529412	  0.000000	  0.470588	  0.000000	
  1.000000	  0.000000	  0.000000	  0.000000	
  0.000000	  1.000000	  0.000000	  0.000000	
  0.000000	  0.294118	  0.000000	  0.705882	
  0.882353	  0.058824	  0.058824	  0.000000	
  0.000000	  0.941176	  0.058824	  0.000000	
  0.705882	  0.058824	  0.176471	  0.058824	
  0.705882	  0.117647	  0.000000	  0.176471	
  0.000000	  0.529412	  0.176471	  0.294118	
  0.000000	  0.000000	  0.000000	  1.000000	
  0.058824	  0.941176	  0.000000	  0.000000	
  0.000000	  0.941176	  0.000000	  0.058824	
  0.000000	  1.000000	  0.000000	  0.000000	
  0.705882	  0.000000	  0.235294	  0.058824	
  0.000000	  0.235294	  0.705882	  0.058824	
  0.588235	  0.352941	  0.058824	  0.000000	
  0.764706	  0.000000	  0.235294	  0.000000	
  0.117647	  0.117647	  0.294118	  0.470588	
  0.117647	  0.176471	  0.588235	  0.117647	
  0.058824	  0.882353	  0.058824	  0.000000	

MOTIF ELF1.1_4.ZLAB ELF1

letter-probability matrix: alength= 4 w= 10 nsites= 20 E= 0
  0.950000	  0.000000	  0.050000	  0.000000	
  0.000000	  0.300000	  0.700000	  0.000000	
  0.950000	  0.000000	  0.050000	  0.000000	
  0.000000	  0.000000	  0.000000	  1.000000	
  0.000000	  0.000000	  1.000000	  0.000000	
  0.000000	  0.000000	  1.000000	  0.000000	
  0.050000	  0.950000	  0.000000	  0.000000	
  0.050000	  0.050000	  0.750000	  0.150000	
  0.000000	  0.000000	  0.900000	  0.100000	
  0.100000	  0.800000	  0.000000	  0.100000	

MOTIF ELF1.1_5.ZLAB ELF1

letter-probability matrix: alength= 4 w= 10 nsites= 20 E= 0
  0.000000	  0.078947	  0.000000	  0.921053	
  0.000000	  0.157895	  0.000000	  0.842105	
  0.000000	  0.657895	  0.000000	  0.342105	
  0.000000	  0.368421	  0.000000	  0.631579	
  0.078947	  0.368421	  0.473684	  0.078947	
  0.078947	  0.500000	  0.052632	  0.368421	
  0.052632	  0.000000	  0.000000	  0.947368	
  0.000000	  0.000000	  0.000000	  1.000000	
  0.000000	  0.947368	  0.052632	  0.000000	
  0.052632	  0.868421	  0.000000	  0.078947	

MOTIF Elf1.TF2DNA Elf1

letter-probability matrix: alength= 4 w= 7 nsites= 20 E= 0
  0.054000	  0.287000	  0.384000	  0.276000	
  0.000000	  0.000000	  1.000000	  0.000000	
  0.000000	  0.000000	  1.000000	  0.000000	
  0.751000	  0.070000	  0.129000	  0.051000	
  1.000000	  0.000000	  0.000000	  0.000000	
  0.000000	  0.000000	  1.000000	  0.000000	
  0.216000	  0.114000	  0.199000	  0.472000	

MOTIF ELF1.SWISSREGULON ELF1,2,4.p2

letter-probability matrix: alength= 4 w= 6 nsites= 20 E= 0
  0.027995	  0.000000	  0.000000	  0.972005	
  0.000000	  0.000000	  0.000000	  1.000000	
  0.000000	  1.000000	  0.000000	  0.000000	
  0.000000	  1.000000	  0.000000	  0.000000	
  0.009957	  0.003889	  0.785980	  0.200173	
  0.008214	  0.009994	  0.981792	  0.000000	

MOTIF M2275_1.02.CIS-BP ELF1

letter-probability matrix: alength= 4 w= 12 nsites= 20 E= 0
  0.517088	  0.111111	  0.263574	  0.108226	
  0.590176	  0.089288	  0.171475	  0.149061	
  0.302264	  0.339473	  0.230138	  0.128125	
  0.068353	  0.740272	  0.191374	  0.000000	
  0.660527	  0.339473	  0.000000	  0.000000	
  0.000000	  0.000000	  1.000000	  0.000000	
  0.000000	  0.000000	  1.000000	  0.000000	
  1.000000	  0.000000	  0.000000	  0.000000	
  1.000000	  0.000000	  0.000000	  0.000000	
  0.087513	  0.000000	  0.912487	  0.000000	
  0.116215	  0.154905	  0.013242	  0.715638	
  0.194851	  0.128347	  0.601050	  0.075751	

