MEME version 4.4

ALPHABET= ACGT

strands: + -

Background letter frequencies (from uniform background):
A 0.25000 C 0.25000 G 0.25000 T 0.25000 

MOTIF MA0058.2.JASPAR MAX

letter-probability matrix: alength= 4 w= 9 nsites= 20 E= 0
  0.551883	  0.045268	  0.276043	  0.126806	
  0.204112	  0.146021	  0.511744	  0.138123	
  0.000000	  1.000000	  0.000000	  0.000000	
  1.000000	  0.000000	  0.000000	  0.000000	
  0.000000	  1.000000	  0.000000	  0.000000	
  0.798616	  0.000000	  0.201384	  0.000000	
  0.000000	  0.000000	  0.000000	  1.000000	
  0.000000	  0.000000	  1.000000	  0.000000	
  0.004966	  0.117606	  0.577814	  0.299613	

MOTIF MAX_f1.HOCOMOCO MAX

letter-probability matrix: alength= 4 w= 10 nsites= 20 E= 0
  0.276291	  0.108509	  0.569790	  0.045411	
  0.218451	  0.478011	  0.033939	  0.269598	
  0.016730	  0.980880	  0.000956	  0.001434	
  0.946463	  0.006692	  0.026769	  0.020076	
  0.006692	  0.903920	  0.016252	  0.073136	
  0.033461	  0.004302	  0.950765	  0.011472	
  0.003346	  0.017208	  0.024857	  0.954589	
  0.000956	  0.001434	  0.993786	  0.003824	
  0.085564	  0.394837	  0.431166	  0.088432	
  0.173040	  0.131453	  0.159178	  0.536329	

MOTIF Max.HOMER K562-Max-ChIP-Seq

letter-probability matrix: alength= 4 w= 11 nsites= 20 E= 0
  0.256000	  0.414000	  0.224000	  0.106000	
  0.001000	  0.997000	  0.001000	  0.001000	
  0.997000	  0.001000	  0.001000	  0.001000	
  0.001000	  0.869000	  0.001000	  0.129000	
  0.109000	  0.001000	  0.889000	  0.001000	
  0.001000	  0.001000	  0.001000	  0.997000	
  0.001000	  0.001000	  0.997000	  0.001000	
  0.104000	  0.241000	  0.409000	  0.246000	
  0.124000	  0.291000	  0.168000	  0.417000	
  0.164000	  0.355000	  0.167000	  0.314000	
  0.264000	  0.261000	  0.210000	  0.264000	

MOTIF MAX_DBD_1.JOLMA MAX

letter-probability matrix: alength= 4 w= 16 nsites= 20 E= 0
  0.961674	  0.004302	  0.021510	  0.012515	
  0.001910	  0.939267	  0.004584	  0.054240	
  0.074157	  0.004494	  0.920974	  0.000375	
  0.015186	  0.050873	  0.000380	  0.933561	
  0.002799	  0.001999	  0.983207	  0.011995	
  0.134662	  0.385679	  0.292921	  0.186737	
  0.223443	  0.317053	  0.124949	  0.334554	
  0.362230	  0.310134	  0.151811	  0.175824	
  0.404229	  0.216755	  0.218381	  0.160634	
  0.322082	  0.326149	  0.219195	  0.132574	
  0.008846	  0.988741	  0.001608	  0.000804	
  0.963181	  0.001958	  0.023110	  0.011751	
  0.000777	  0.954951	  0.001942	  0.042330	
  0.108602	  0.008602	  0.881362	  0.001434	
  0.044604	  0.066547	  0.004317	  0.884532	
  0.001588	  0.000794	  0.976181	  0.021437	

MOTIF MAX_DBD_2.JOLMA MAX

letter-probability matrix: alength= 4 w= 9 nsites= 20 E= 0
  0.278545	  0.408582	  0.220218	  0.092655	
  0.005640	  0.994360	  0.000000	  0.000000	
  0.982145	  0.000000	  0.012427	  0.005428	
  0.000000	  0.966817	  0.000984	  0.032199	
  0.045298	  0.005370	  0.946716	  0.002616	
  0.009686	  0.022319	  0.002807	  0.965188	
  0.000000	  0.003891	  0.990921	  0.005188	
  0.195055	  0.356364	  0.238255	  0.210327	
  0.163176	  0.323589	  0.143397	  0.369837	

MOTIF UP00060_1.UNIPROBE Max_primary

letter-probability matrix: alength= 4 w= 15 nsites= 20 E= 0
  0.199226	  0.147959	  0.439250	  0.213565	
  0.582926	  0.274768	  0.075866	  0.066440	
  0.138829	  0.475428	  0.305884	  0.079859	
  0.024979	  0.969691	  0.001811	  0.003520	
  0.966345	  0.003728	  0.022320	  0.007607	
  0.000598	  0.907006	  0.008160	  0.084236	
  0.084236	  0.008160	  0.907006	  0.000598	
  0.007607	  0.022320	  0.003728	  0.966345	
  0.003520	  0.001811	  0.969691	  0.024979	
  0.149140	  0.241218	  0.389598	  0.220044	
  0.066440	  0.075866	  0.274768	  0.582926	
  0.186990	  0.346199	  0.250066	  0.216745	
  0.273437	  0.225889	  0.300738	  0.199936	
  0.160893	  0.111177	  0.477963	  0.249968	
  0.171790	  0.101256	  0.424580	  0.302375	

MOTIF UP00060_2.UNIPROBE Max_secondary

letter-probability matrix: alength= 4 w= 13 nsites= 20 E= 0
  0.156940	  0.244015	  0.182364	  0.416681	
  0.046494	  0.050598	  0.744311	  0.158596	
  0.196142	  0.365183	  0.183389	  0.255286	
  0.019306	  0.946805	  0.015210	  0.018680	
  0.924839	  0.022113	  0.027620	  0.025428	
  0.007478	  0.672138	  0.027789	  0.292595	
  0.046702	  0.026044	  0.906146	  0.021107	
  0.117335	  0.610863	  0.025132	  0.246670	
  0.044431	  0.053581	  0.722748	  0.179240	
  0.543713	  0.149809	  0.190030	  0.116447	
  0.241148	  0.722386	  0.022547	  0.013919	
  0.265412	  0.113032	  0.270602	  0.350954	
  0.226186	  0.143504	  0.332746	  0.297564	

MOTIF UP00060.1.ZHAO2011 sci09.v1_Max_3863

letter-probability matrix: alength= 4 w= 29 nsites= 20 E= 0
  0.219799	  0.392569	  0.265792	  0.121840	
  0.096591	  0.889348	  0.008851	  0.005210	
  0.757876	  0.028234	  0.100536	  0.113354	
  0.002195	  0.682881	  0.025954	  0.288969	
  0.108821	  0.048410	  0.836900	  0.005869	
  0.064687	  0.145411	  0.017454	  0.772448	
  0.025142	  0.034971	  0.840946	  0.098941	
  0.313375	  0.220831	  0.251489	  0.214305	
  0.165689	  0.252173	  0.190588	  0.391550	
  0.112709	  0.812884	  0.035698	  0.038709	
  0.031605	  0.936861	  0.003485	  0.028049	
  0.081413	  0.890480	  0.010583	  0.017523	
  0.010583	  0.908828	  0.042138	  0.038451	
  0.481141	  0.497639	  0.003514	  0.017706	
  0.657537	  0.307139	  0.010579	  0.024744	
  0.428333	  0.550568	  0.014105	  0.006994	
  0.256217	  0.687738	  0.006947	  0.049098	
  0.003451	  0.982530	  0.003508	  0.010511	
  0.891448	  0.024344	  0.035045	  0.049164	
  0.115737	  0.845348	  0.028333	  0.010582	
  0.115240	  0.870697	  0.000000	  0.014062	
  0.094835	  0.863048	  0.000000	  0.042117	
  0.262897	  0.687846	  0.028197	  0.021060	
  0.066413	  0.909085	  0.013880	  0.010622	
  0.390121	  0.363958	  0.028113	  0.217809	
  0.154247	  0.658800	  0.091428	  0.095525	
  0.291264	  0.652707	  0.020929	  0.035100	
  0.027735	  0.799465	  0.169288	  0.003512	
  0.203598	  0.568279	  0.186167	  0.041956	

MOTIF UP00060.2.ZHAO2011 sci09.v1_Max_3864

letter-probability matrix: alength= 4 w= 18 nsites= 20 E= 0
  0.212188	  0.304135	  0.232170	  0.251507	
  0.174504	  0.721943	  0.056937	  0.046616	
  0.593864	  0.050232	  0.246325	  0.109579	
  0.010390	  0.863403	  0.050952	  0.075255	
  0.339417	  0.033691	  0.624673	  0.002219	
  0.090598	  0.001069	  0.013687	  0.894647	
  0.001351	  0.000077	  0.973520	  0.025051	
  0.188586	  0.239740	  0.343626	  0.228048	
  0.251207	  0.225040	  0.231893	  0.291861	
  0.239349	  0.231631	  0.011533	  0.517488	
  0.017830	  0.281979	  0.001809	  0.698382	
  0.002074	  0.025231	  0.003887	  0.968808	
  0.011105	  0.000000	  0.982909	  0.005987	
  0.006270	  0.201690	  0.000000	  0.792040	
  0.000000	  0.000000	  1.000000	  0.000000	
  0.000000	  0.000000	  1.000000	  0.000000	
  0.002118	  0.049034	  0.007587	  0.941261	
  0.025505	  0.389000	  0.001866	  0.583629	

MOTIF UP00060.3.ZHAO2011 sci09.v2_Max_3863

letter-probability matrix: alength= 4 w= 18 nsites= 20 E= 0
  0.190550	  0.376123	  0.244672	  0.188654	
  0.166398	  0.702314	  0.078601	  0.052688	
  0.538228	  0.069289	  0.269962	  0.122521	
  0.014787	  0.823676	  0.074722	  0.086815	
  0.277402	  0.071198	  0.649023	  0.002376	
  0.033160	  0.000764	  0.020933	  0.945143	
  0.000531	  0.000457	  0.998461	  0.000552	
  0.183229	  0.273346	  0.330543	  0.212882	
  0.212709	  0.252125	  0.242239	  0.292927	
  0.239349	  0.231631	  0.011533	  0.517488	
  0.017830	  0.281979	  0.001809	  0.698382	
  0.002074	  0.025231	  0.003887	  0.968808	
  0.011105	  0.000000	  0.982909	  0.005987	
  0.006270	  0.201690	  0.000000	  0.792040	
  0.000000	  0.000000	  1.000000	  0.000000	
  0.000000	  0.000000	  1.000000	  0.000000	
  0.002118	  0.049034	  0.007587	  0.941261	
  0.025505	  0.389000	  0.001866	  0.583629	

MOTIF UP00060.4.ZHAO2011 sci09.v2_Max_3864

letter-probability matrix: alength= 4 w= 18 nsites= 20 E= 0
  0.310558	  0.251733	  0.145237	  0.292472	
  0.041406	  0.947117	  0.007489	  0.003989	
  0.883412	  0.011289	  0.063041	  0.042258	
  0.002038	  0.838845	  0.010402	  0.148714	
  0.136081	  0.018977	  0.839872	  0.005070	
  0.074577	  0.087517	  0.015829	  0.822077	
  0.005103	  0.006957	  0.953135	  0.034805	
  0.132543	  0.326004	  0.371263	  0.170189	
  0.292703	  0.109855	  0.206265	  0.391177	
  0.239349	  0.231631	  0.011533	  0.517488	
  0.017830	  0.281979	  0.001809	  0.698382	
  0.002074	  0.025231	  0.003887	  0.968808	
  0.011105	  0.000000	  0.982909	  0.005987	
  0.006270	  0.201690	  0.000000	  0.792040	
  0.000000	  0.000000	  1.000000	  0.000000	
  0.000000	  0.000000	  1.000000	  0.000000	
  0.002118	  0.049034	  0.007587	  0.941261	
  0.025505	  0.389000	  0.001866	  0.583629	

MOTIF Max_1.3DFOOTPRINT Max

letter-probability matrix: alength= 4 w= 3 nsites= 20 E= 0
  0.041667	  0.041667	  0.843750	  0.072917	
  0.000000	  0.000000	  0.000000	  1.000000	
  0.166667	  0.166667	  0.500000	  0.166667	

MOTIF Max_2.3DFOOTPRINT Max

letter-probability matrix: alength= 4 w= 7 nsites= 20 E= 0
  0.000000	  1.000000	  0.000000	  0.000000	
  1.000000	  0.000000	  0.000000	  0.000000	
  0.000000	  1.000000	  0.000000	  0.000000	
  0.000000	  0.000000	  1.000000	  0.000000	
  0.010417	  0.000000	  0.197917	  0.791667	
  0.000000	  0.000000	  1.000000	  0.000000	
  0.000000	  0.000000	  1.000000	  0.000000	

MOTIF Max_3.3DFOOTPRINT Max

letter-probability matrix: alength= 4 w= 4 nsites= 20 E= 0
  0.000000	  0.000000	  1.000000	  0.000000	
  0.166667	  0.000000	  0.166667	  0.666667	
  0.000000	  0.000000	  1.000000	  0.000000	
  0.000000	  0.000000	  1.000000	  0.000000	

MOTIF Max_1.GUERTIN Max

letter-probability matrix: alength= 4 w= 11 nsites= 20 E= 0
  0.000000	  1.000000	  0.000000	  0.000000	
  0.907599	  0.000000	  0.060182	  0.032219	
  0.000000	  0.887538	  0.000000	  0.112462	
  0.015198	  0.000000	  0.984802	  0.000000	
  0.000000	  0.000000	  0.000000	  1.000000	
  0.000000	  0.000000	  1.000000	  0.000000	
  0.317325	  0.255927	  0.261398	  0.165350	
  0.021884	  0.463830	  0.136170	  0.378116	
  0.075380	  0.516717	  0.136778	  0.271125	
  0.198784	  0.326444	  0.236474	  0.238298	
  0.127660	  0.386018	  0.285714	  0.200608	

MOTIF Max_2.GUERTIN Max

letter-probability matrix: alength= 4 w= 14 nsites= 20 E= 0
  0.011494	  0.931034	  0.000000	  0.057471	
  0.965517	  0.000000	  0.034483	  0.000000	
  0.000000	  0.632184	  0.057471	  0.310345	
  0.574713	  0.011494	  0.390805	  0.022989	
  0.000000	  0.712644	  0.034483	  0.252874	
  0.712644	  0.000000	  0.195402	  0.091954	
  0.000000	  0.264368	  0.160920	  0.574713	
  0.494253	  0.000000	  0.356322	  0.149425	
  0.080460	  0.632184	  0.045977	  0.241379	
  0.724138	  0.034483	  0.114943	  0.126437	
  0.057471	  0.862069	  0.000000	  0.080460	
  0.873563	  0.000000	  0.057471	  0.068966	
  0.000000	  0.747126	  0.022989	  0.229885	
  0.862069	  0.000000	  0.137931	  0.000000	

MOTIF Max_3.GUERTIN Max

letter-probability matrix: alength= 4 w= 19 nsites= 20 E= 0
  0.000000	  0.033333	  0.066667	  0.900000	
  0.033333	  0.533333	  0.200000	  0.233333	
  0.633333	  0.133333	  0.100000	  0.133333	
  0.100000	  0.600000	  0.000000	  0.300000	
  0.566667	  0.033333	  0.200000	  0.200000	
  0.033333	  0.233333	  0.033333	  0.700000	
  0.033333	  0.633333	  0.066667	  0.266667	
  0.000000	  0.466667	  0.033333	  0.500000	
  0.066667	  0.733333	  0.033333	  0.166667	
  0.933333	  0.000000	  0.000000	  0.066667	
  0.000000	  0.033333	  0.000000	  0.966667	
  0.000000	  0.000000	  0.000000	  1.000000	
  0.000000	  0.033333	  0.966667	  0.000000	
  0.000000	  0.000000	  1.000000	  0.000000	
  0.000000	  0.633333	  0.000000	  0.366667	
  0.000000	  0.766667	  0.033333	  0.200000	
  0.733333	  0.166667	  0.100000	  0.000000	
  0.600000	  0.033333	  0.266667	  0.100000	
  0.800000	  0.033333	  0.000000	  0.166667	

MOTIF Max_4.GUERTIN Max

letter-probability matrix: alength= 4 w= 11 nsites= 20 E= 0
  0.173554	  0.115702	  0.669421	  0.041322	
  0.123967	  0.000000	  0.851240	  0.024793	
  0.198347	  0.000000	  0.801653	  0.000000	
  0.000000	  0.000000	  1.000000	  0.000000	
  0.000000	  0.000000	  1.000000	  0.000000	
  0.148760	  0.851240	  0.000000	  0.000000	
  0.000000	  0.000000	  0.991736	  0.008264	
  0.000000	  0.000000	  0.900826	  0.099174	
  0.198347	  0.000000	  0.760331	  0.041322	
  0.016529	  0.000000	  0.983471	  0.000000	
  0.066116	  0.933884	  0.000000	  0.000000	

MOTIF MAX.1_1.ZLAB MAX

letter-probability matrix: alength= 4 w= 13 nsites= 20 E= 0
  0.391481	  0.247465	  0.219067	  0.141988	
  0.146045	  0.588235	  0.229209	  0.036511	
  0.000000	  1.000000	  0.000000	  0.000000	
  0.997972	  0.000000	  0.002028	  0.000000	
  0.000000	  0.929006	  0.000000	  0.070994	
  0.000000	  0.000000	  1.000000	  0.000000	
  0.000000	  0.004057	  0.000000	  0.995943	
  0.000000	  0.000000	  1.000000	  0.000000	
  0.336714	  0.231237	  0.249493	  0.182556	
  0.020284	  0.527383	  0.101420	  0.350913	
  0.127789	  0.464503	  0.052738	  0.354970	
  0.186613	  0.320487	  0.208925	  0.283976	
  0.101420	  0.381339	  0.310345	  0.206897	

MOTIF MAX.1_2.ZLAB MAX

letter-probability matrix: alength= 4 w= 10 nsites= 20 E= 0
  0.060241	  0.156627	  0.674699	  0.108434	
  0.000000	  0.132530	  0.000000	  0.867470	
  0.000000	  1.000000	  0.000000	  0.000000	
  1.000000	  0.000000	  0.000000	  0.000000	
  0.000000	  1.000000	  0.000000	  0.000000	
  0.192771	  0.036145	  0.771084	  0.000000	
  0.000000	  0.000000	  0.000000	  1.000000	
  0.000000	  0.000000	  1.000000	  0.000000	
  0.397590	  0.180723	  0.277108	  0.144578	
  0.000000	  0.445783	  0.204819	  0.349398	

MOTIF MAX.1_3.ZLAB MAX

letter-probability matrix: alength= 4 w= 7 nsites= 20 E= 0
  0.000000	  1.000000	  0.000000	  0.000000	
  0.000000	  0.000000	  0.000000	  1.000000	
  0.000000	  0.000000	  0.000000	  1.000000	
  0.000000	  1.000000	  0.000000	  0.000000	
  0.000000	  1.000000	  0.000000	  0.000000	
  0.000000	  0.000000	  0.677966	  0.322034	
  0.000000	  0.000000	  1.000000	  0.000000	

MOTIF MAX.1_4.ZLAB MAX

letter-probability matrix: alength= 4 w= 14 nsites= 20 E= 0
  0.206897	  0.758621	  0.034483	  0.000000	
  0.000000	  1.000000	  0.000000	  0.000000	
  0.931034	  0.000000	  0.034483	  0.034483	
  0.000000	  1.000000	  0.000000	  0.000000	
  0.137931	  0.413793	  0.103448	  0.344828	
  0.827586	  0.000000	  0.068966	  0.103448	
  0.000000	  0.000000	  1.000000	  0.000000	
  0.517241	  0.000000	  0.482759	  0.000000	
  0.034483	  0.000000	  0.655172	  0.310345	
  0.034483	  0.000000	  0.965517	  0.000000	
  0.000000	  0.000000	  0.965517	  0.034483	
  0.137931	  0.827586	  0.000000	  0.034483	
  0.379310	  0.068966	  0.551724	  0.000000	
  0.275862	  0.448276	  0.275862	  0.000000	

MOTIF MAX.1_5.ZLAB MAX

letter-probability matrix: alength= 4 w= 20 nsites= 20 E= 0
  0.000000	  0.200000	  0.050000	  0.750000	
  0.000000	  0.025000	  0.475000	  0.500000	
  0.000000	  0.125000	  0.050000	  0.825000	
  0.000000	  0.250000	  0.300000	  0.450000	
  0.250000	  0.200000	  0.375000	  0.175000	
  0.050000	  0.525000	  0.075000	  0.350000	
  0.050000	  0.000000	  0.075000	  0.875000	
  0.000000	  0.350000	  0.275000	  0.375000	
  0.050000	  0.300000	  0.350000	  0.300000	
  0.050000	  0.525000	  0.125000	  0.300000	
  0.150000	  0.450000	  0.025000	  0.375000	
  0.000000	  0.300000	  0.175000	  0.525000	
  0.000000	  0.050000	  0.200000	  0.750000	
  0.000000	  0.000000	  0.000000	  1.000000	
  0.050000	  0.550000	  0.225000	  0.175000	
  0.050000	  0.350000	  0.075000	  0.525000	
  0.100000	  0.400000	  0.100000	  0.400000	
  0.000000	  0.375000	  0.000000	  0.625000	
  0.000000	  0.375000	  0.000000	  0.625000	
  0.000000	  0.350000	  0.050000	  0.600000	

MOTIF Max.TF2DNA Max

letter-probability matrix: alength= 4 w= 7 nsites= 20 E= 0
  0.000000	  0.225000	  0.023000	  0.752000	
  0.000000	  0.026000	  0.963000	  0.012000	
  0.000000	  0.000000	  0.000000	  1.000000	
  0.000000	  0.403000	  0.585000	  0.012000	
  0.026000	  0.861000	  0.114000	  0.000000	
  0.028000	  0.762000	  0.000000	  0.210000	
  0.554000	  0.133000	  0.154000	  0.159000	

MOTIF M1889_1.02.CIS-BP MAX

letter-probability matrix: alength= 4 w= 9 nsites= 20 E= 0
  0.551883	  0.045268	  0.276043	  0.126806	
  0.204112	  0.146021	  0.511744	  0.138123	
  0.000000	  1.000000	  0.000000	  0.000000	
  1.000000	  0.000000	  0.000000	  0.000000	
  0.000000	  1.000000	  0.000000	  0.000000	
  0.798616	  0.000000	  0.201384	  0.000000	
  0.000000	  0.000000	  0.000000	  1.000000	
  0.000000	  0.000000	  1.000000	  0.000000	
  0.004966	  0.117606	  0.577814	  0.299613	

