MEME version 4.4

ALPHABET= ACGT

strands: + -

Background letter frequencies (from uniform background):
A 0.25000 C 0.25000 G 0.25000 T 0.25000 

MOTIF MA0014.2.JASPAR PAX5

letter-probability matrix: alength= 4 w= 18 nsites= 20 E= 0
  0.351562	  0.065848	  0.247768	  0.334821	
  0.343750	  0.033482	  0.609375	  0.013393	
  0.273438	  0.165179	  0.375000	  0.186384	
  0.000000	  0.188616	  0.507812	  0.303571	
  0.043527	  0.821429	  0.000000	  0.135045	
  0.854911	  0.023438	  0.092634	  0.029018	
  0.169643	  0.181920	  0.594866	  0.053571	
  0.010045	  0.600446	  0.039062	  0.350446	
  0.194196	  0.467634	  0.328125	  0.010045	
  0.604911	  0.008929	  0.383929	  0.002232	
  0.599330	  0.018973	  0.206473	  0.175223	
  0.000000	  0.239955	  0.757812	  0.002232	
  0.003348	  0.838170	  0.018973	  0.139509	
  0.353795	  0.018973	  0.602679	  0.024554	
  0.170759	  0.045759	  0.172991	  0.610491	
  0.251116	  0.006696	  0.735491	  0.006696	
  0.655134	  0.036830	  0.247768	  0.060268	
  0.169643	  0.744420	  0.027902	  0.058036	

MOTIF PAX5_f1.HOCOMOCO PAX5

letter-probability matrix: alength= 4 w= 18 nsites= 20 E= 0
  0.339426	  0.067276	  0.299061	  0.294237	
  0.300584	  0.051536	  0.628586	  0.019294	
  0.264026	  0.174156	  0.344250	  0.217568	
  0.039350	  0.226200	  0.507489	  0.226961	
  0.074892	  0.767708	  0.030718	  0.126682	
  0.742320	  0.096471	  0.073877	  0.087332	
  0.173394	  0.318355	  0.424981	  0.083270	
  0.005839	  0.410510	  0.104087	  0.479563	
  0.152577	  0.365321	  0.442752	  0.039350	
  0.640772	  0.004570	  0.333333	  0.021325	
  0.531353	  0.019548	  0.252094	  0.197004	
  0.000508	  0.218837	  0.780655	  0.000000	
  0.041127	  0.751460	  0.062199	  0.145215	
  0.335364	  0.050520	  0.563341	  0.050774	
  0.116273	  0.043666	  0.297284	  0.542777	
  0.329271	  0.046458	  0.624016	  0.000254	
  0.572988	  0.059660	  0.298045	  0.069307	
  0.181010	  0.707540	  0.089871	  0.021579	

MOTIF PAX5_si.HOCOMOCO PAX5

letter-probability matrix: alength= 4 w= 7 nsites= 20 E= 0
  0.162231	  0.200253	  0.637516	  0.000000	
  0.006971	  0.937262	  0.006654	  0.049113	
  0.000000	  0.000000	  0.041508	  0.958492	
  0.000000	  0.000000	  1.000000	  0.000000	
  0.995881	  0.004119	  0.000000	  0.000000	
  0.189163	  0.011090	  0.799747	  0.000000	
  0.135298	  0.248099	  0.433777	  0.182826	

MOTIF PAX5_1.HOMER GM12878-PAX5-ChIP-Seq

letter-probability matrix: alength= 4 w= 15 nsites= 20 E= 0
  0.037000	  0.890000	  0.001000	  0.073000	
  0.856000	  0.025000	  0.073000	  0.046000	
  0.089000	  0.202000	  0.605000	  0.104000	
  0.002000	  0.569000	  0.127000	  0.302000	
  0.116000	  0.598000	  0.262000	  0.024000	
  0.710000	  0.012000	  0.264000	  0.013000	
  0.509000	  0.033000	  0.194000	  0.264000	
  0.002000	  0.271000	  0.727000	  0.001000	
  0.001000	  0.883000	  0.015000	  0.101000	
  0.453000	  0.033000	  0.466000	  0.048000	
  0.030000	  0.022000	  0.114000	  0.834000	
  0.159000	  0.011000	  0.827000	  0.003000	
  0.664000	  0.081000	  0.188000	  0.067000	
  0.244000	  0.700000	  0.038000	  0.017000	
  0.227000	  0.364000	  0.170000	  0.239000	

MOTIF PAX5_2.HOMER GM12878-PAX5-ChIP-Seq

letter-probability matrix: alength= 4 w= 13 nsites= 20 E= 0
  0.024000	  0.055000	  0.001000	  0.920000	
  0.001000	  0.979000	  0.001000	  0.019000	
  0.978000	  0.001000	  0.014000	  0.007000	
  0.014000	  0.803000	  0.010000	  0.173000	
  0.194000	  0.050000	  0.755000	  0.001000	
  0.001000	  0.590000	  0.408000	  0.001000	
  0.149000	  0.171000	  0.024000	  0.656000	
  0.062000	  0.534000	  0.178000	  0.226000	
  0.128000	  0.368000	  0.345000	  0.159000	
  0.157000	  0.477000	  0.256000	  0.109000	
  0.005000	  0.033000	  0.031000	  0.931000	
  0.005000	  0.033000	  0.938000	  0.024000	
  0.448000	  0.384000	  0.166000	  0.001000	

MOTIF PAX5_disc1.POUR PAX5_GM12891_encode-Myers_seq_hsa_v041610.1-C20_r1:MEME#3#Intergenic

letter-probability matrix: alength= 4 w= 18 nsites= 20 E= 0
  0.107692	  0.133333	  0.082051	  0.676924	
  0.025641	  0.630769	  0.000000	  0.343590	
  0.605129	  0.287179	  0.051282	  0.056410	
  0.020513	  0.620513	  0.030769	  0.328205	
  0.200000	  0.061538	  0.738462	  0.000000	
  0.000000	  0.723077	  0.276923	  0.000000	
  0.210256	  0.230769	  0.051282	  0.507693	
  0.005128	  0.297436	  0.015385	  0.682051	
  0.020513	  0.333333	  0.553846	  0.092308	
  0.287179	  0.153846	  0.558975	  0.000000	
  0.071795	  0.589744	  0.205128	  0.133333	
  0.056410	  0.092308	  0.056410	  0.794872	
  0.148718	  0.000000	  0.794872	  0.056410	
  0.271795	  0.456410	  0.271795	  0.000000	
  0.169231	  0.384615	  0.174359	  0.271795	
  0.025641	  0.579487	  0.056410	  0.338462	
  0.246154	  0.323077	  0.123077	  0.307692	
  0.123077	  0.389744	  0.194872	  0.292308	

MOTIF PAX5_disc2.POUR PAX5_GM12891_encode-Myers_seq_hsa_v041610.1-C20_r1:MDscan#1#Intergenic

letter-probability matrix: alength= 4 w= 9 nsites= 20 E= 0
  0.042254	  0.098592	  0.070423	  0.788731	
  0.014085	  0.971830	  0.014085	  0.000000	
  0.957746	  0.000000	  0.000000	  0.042254	
  0.000000	  0.732394	  0.000000	  0.267606	
  0.000000	  0.084507	  0.915493	  0.000000	
  0.000000	  0.605634	  0.394366	  0.000000	
  0.154930	  0.169014	  0.014085	  0.661971	
  0.042254	  0.169014	  0.056338	  0.732394	
  0.000000	  0.338028	  0.661972	  0.000000	

MOTIF PAX5_disc3.POUR PAX5_GM12878_encode-Myers_seq_hsa_N19_r1:MEME#1#Intergenic

letter-probability matrix: alength= 4 w= 9 nsites= 20 E= 0
  0.000000	  0.277778	  0.000000	  0.722222	
  0.000000	  0.175926	  0.000000	  0.824074	
  0.000000	  1.000000	  0.000000	  0.000000	
  0.666666	  0.018519	  0.000000	  0.314815	
  0.000000	  0.601852	  0.296296	  0.101852	
  0.027778	  0.129630	  0.000000	  0.842592	
  0.000000	  0.000000	  0.000000	  1.000000	
  0.000000	  0.685185	  0.000000	  0.314815	
  0.027778	  0.611111	  0.000000	  0.361111	

MOTIF PAX5_disc4.POUR PAX5_GM12892_encode-Myers_seq_hsa_v041610.1-C20_r1:MEME#1#Intergenic

letter-probability matrix: alength= 4 w= 9 nsites= 20 E= 0
  0.796610	  0.000000	  0.016949	  0.186441	
  0.000000	  0.677966	  0.220339	  0.101695	
  0.000000	  0.169492	  0.000000	  0.830508	
  0.000000	  0.000000	  0.000000	  1.000000	
  0.000000	  0.932203	  0.000000	  0.067797	
  0.033898	  0.966102	  0.000000	  0.000000	
  0.000000	  0.000000	  0.220339	  0.779661	
  0.000000	  0.542373	  0.271186	  0.186441	
  0.000000	  0.220339	  0.000000	  0.779661	

MOTIF PAX5_disc5.POUR PAX5_GM12891_encode-Myers_seq_hsa_v041610.1-C20_r1:MDscan#2#Intergenic

letter-probability matrix: alength= 4 w= 9 nsites= 20 E= 0
  0.130435	  0.847826	  0.021739	  0.000000	
  0.021739	  0.119565	  0.793479	  0.065217	
  0.141304	  0.684783	  0.163043	  0.010870	
  0.119565	  0.173913	  0.706522	  0.000000	
  0.130435	  0.413043	  0.347826	  0.108696	
  0.021739	  0.130435	  0.739130	  0.108696	
  0.000000	  0.858696	  0.065217	  0.076087	
  0.000000	  0.010870	  0.945652	  0.043478	
  0.000000	  0.978261	  0.000000	  0.021739	

MOTIF PAX5_DBD.JOLMA PAX5

letter-probability matrix: alength= 4 w= 17 nsites= 20 E= 0
  0.017399	  0.011124	  0.847975	  0.123503	
  0.127446	  0.086957	  0.020652	  0.764946	
  0.024677	  0.719933	  0.005031	  0.250359	
  0.855901	  0.067439	  0.045047	  0.031612	
  0.011228	  0.799900	  0.003992	  0.184880	
  0.074714	  0.006483	  0.917258	  0.001544	
  0.003006	  0.701965	  0.290867	  0.004162	
  0.464433	  0.088183	  0.073192	  0.374192	
  0.022956	  0.237402	  0.001400	  0.738242	
  0.006536	  0.425431	  0.535651	  0.032383	
  0.679061	  0.006400	  0.312405	  0.002133	
  0.217936	  0.272903	  0.289617	  0.219544	
  0.035558	  0.188283	  0.032061	  0.744098	
  0.263271	  0.009284	  0.678172	  0.049274	
  0.312686	  0.452948	  0.226325	  0.008041	
  0.261564	  0.170050	  0.270549	  0.297837	
  0.029703	  0.491646	  0.064975	  0.413676	

MOTIF Pax5_1.3DFOOTPRINT Pax5

letter-probability matrix: alength= 4 w= 15 nsites= 20 E= 0
  0.000000	  0.000000	  1.000000	  0.000000	
  0.843750	  0.072917	  0.041667	  0.041667	
  0.250000	  0.250000	  0.250000	  0.250000	
  0.947917	  0.000000	  0.052083	  0.000000	
  0.250000	  0.250000	  0.250000	  0.250000	
  0.000000	  0.052083	  0.947917	  0.000000	
  0.250000	  0.250000	  0.250000	  0.250000	
  0.250000	  0.250000	  0.250000	  0.250000	
  0.250000	  0.250000	  0.250000	  0.250000	
  0.250000	  0.250000	  0.250000	  0.250000	
  0.718750	  0.093750	  0.145833	  0.041667	
  0.250000	  0.250000	  0.250000	  0.250000	
  0.041667	  0.041667	  0.072917	  0.843750	
  0.041667	  0.041667	  0.843750	  0.072917	
  0.041667	  0.000000	  0.958333	  0.000000	

MOTIF Pax5_2.3DFOOTPRINT Pax5

letter-probability matrix: alength= 4 w= 18 nsites= 20 E= 0
  0.104167	  0.625000	  0.166667	  0.104167	
  0.250000	  0.250000	  0.250000	  0.250000	
  0.250000	  0.250000	  0.250000	  0.250000	
  0.166667	  0.104167	  0.156250	  0.572917	
  0.250000	  0.250000	  0.250000	  0.250000	
  0.250000	  0.250000	  0.250000	  0.250000	
  0.250000	  0.250000	  0.250000	  0.250000	
  0.250000	  0.250000	  0.250000	  0.250000	
  0.052083	  0.625000	  0.218750	  0.104167	
  0.250000	  0.250000	  0.250000	  0.250000	
  0.250000	  0.250000	  0.250000	  0.250000	
  0.250000	  0.250000	  0.250000	  0.250000	
  0.010417	  0.052083	  0.000000	  0.937500	
  0.000000	  1.000000	  0.000000	  0.000000	
  0.000000	  0.000000	  0.000000	  1.000000	
  0.000000	  1.000000	  0.000000	  0.000000	
  0.000000	  1.000000	  0.000000	  0.000000	
  0.000000	  0.000000	  1.000000	  0.000000	

MOTIF PAX5_3.3DFOOTPRINT PAX5

letter-probability matrix: alength= 4 w= 18 nsites= 20 E= 0
  0.135417	  0.760417	  0.052083	  0.052083	
  0.947917	  0.000000	  0.052083	  0.000000	
  0.250000	  0.250000	  0.250000	  0.250000	
  0.114583	  0.125000	  0.645833	  0.114583	
  0.250000	  0.250000	  0.250000	  0.250000	
  0.250000	  0.250000	  0.250000	  0.250000	
  0.250000	  0.250000	  0.250000	  0.250000	
  0.250000	  0.250000	  0.250000	  0.250000	
  0.062500	  0.822917	  0.114583	  0.000000	
  0.250000	  0.250000	  0.250000	  0.250000	
  0.250000	  0.250000	  0.250000	  0.250000	
  0.250000	  0.250000	  0.250000	  0.250000	
  0.072917	  0.052083	  0.052083	  0.822917	
  0.000000	  1.000000	  0.000000	  0.000000	
  0.000000	  0.000000	  0.000000	  1.000000	
  0.000000	  1.000000	  0.000000	  0.000000	
  0.000000	  1.000000	  0.000000	  0.000000	
  0.000000	  0.000000	  1.000000	  0.000000	

MOTIF PAX5_1.GUERTIN PAX5

letter-probability matrix: alength= 4 w= 19 nsites= 20 E= 0
  1.000000	  0.000000	  0.000000	  0.000000	
  0.884058	  0.014493	  0.101449	  0.000000	
  0.000000	  0.347826	  0.057971	  0.594203	
  0.014493	  0.434783	  0.014493	  0.536232	
  0.971014	  0.000000	  0.028986	  0.000000	
  0.000000	  0.014493	  0.971014	  0.014493	
  0.000000	  0.695652	  0.000000	  0.304348	
  0.000000	  0.956522	  0.000000	  0.043478	
  0.840580	  0.000000	  0.159420	  0.000000	
  0.144928	  0.000000	  0.797101	  0.057971	
  0.000000	  0.057971	  0.942029	  0.000000	
  0.000000	  0.913043	  0.000000	  0.086957	
  0.202899	  0.000000	  0.782609	  0.014493	
  0.014493	  0.014493	  0.000000	  0.971014	
  0.014493	  0.014493	  0.971014	  0.000000	
  0.173913	  0.014493	  0.811594	  0.000000	
  0.043478	  0.449275	  0.000000	  0.507246	
  0.144928	  0.014493	  0.797101	  0.043478	
  0.028986	  0.014493	  0.927536	  0.028986	

MOTIF PAX5_2.GUERTIN PAX5

letter-probability matrix: alength= 4 w= 19 nsites= 20 E= 0
  0.174242	  0.015152	  0.810606	  0.000000	
  0.333333	  0.060606	  0.174242	  0.431818	
  0.386364	  0.022727	  0.424242	  0.166667	
  0.022727	  0.113636	  0.818182	  0.045455	
  0.007576	  0.696970	  0.045455	  0.250000	
  0.159091	  0.136364	  0.083333	  0.621212	
  0.128788	  0.015152	  0.856061	  0.000000	
  0.325758	  0.121212	  0.522727	  0.030303	
  0.075758	  0.015152	  0.893939	  0.015152	
  0.659091	  0.007576	  0.310606	  0.022727	
  0.053030	  0.484848	  0.015152	  0.446970	
  0.015152	  0.053030	  0.022727	  0.909091	
  0.492424	  0.022727	  0.477273	  0.007576	
  0.007576	  0.924242	  0.007576	  0.060606	
  0.992424	  0.000000	  0.000000	  0.007576	
  0.015152	  0.007576	  0.977273	  0.000000	
  0.068182	  0.022727	  0.636364	  0.272727	
  0.022727	  0.575758	  0.295455	  0.106061	
  0.590909	  0.037879	  0.356061	  0.015152	

MOTIF PAX5_3.GUERTIN PAX5

letter-probability matrix: alength= 4 w= 15 nsites= 20 E= 0
  0.045045	  0.027027	  0.927928	  0.000000	
  0.036036	  0.945946	  0.000000	  0.018018	
  0.054054	  0.567568	  0.009009	  0.369369	
  0.045045	  0.009009	  0.468468	  0.477477	
  0.414414	  0.000000	  0.549550	  0.036036	
  0.054054	  0.000000	  0.873874	  0.072072	
  0.036036	  0.000000	  0.963964	  0.000000	
  0.027027	  0.882883	  0.036036	  0.054054	
  0.747748	  0.009009	  0.243243	  0.000000	
  0.486486	  0.000000	  0.513514	  0.000000	
  0.027027	  0.540541	  0.423423	  0.009009	
  0.900901	  0.009009	  0.063063	  0.027027	
  0.000000	  0.018018	  0.963964	  0.018018	
  0.819820	  0.045045	  0.135135	  0.000000	
  0.441441	  0.009009	  0.540541	  0.009009	

MOTIF PAX5_4.GUERTIN PAX5

letter-probability matrix: alength= 4 w= 19 nsites= 20 E= 0
  0.903846	  0.076923	  0.000000	  0.019231	
  0.000000	  0.903846	  0.057692	  0.038462	
  0.096154	  0.634615	  0.019231	  0.250000	
  0.057692	  0.865385	  0.019231	  0.057692	
  0.057692	  0.596154	  0.000000	  0.346154	
  0.211538	  0.000000	  0.788462	  0.000000	
  0.076923	  0.019231	  0.000000	  0.903846	
  0.038462	  0.923077	  0.000000	  0.038462	
  0.096154	  0.000000	  0.000000	  0.903846	
  0.038462	  0.942308	  0.019231	  0.000000	
  0.346154	  0.423077	  0.000000	  0.230769	
  0.980769	  0.019231	  0.000000	  0.000000	
  0.442308	  0.538462	  0.019231	  0.000000	
  0.500000	  0.346154	  0.000000	  0.153846	
  0.865385	  0.076923	  0.057692	  0.000000	
  0.807692	  0.115385	  0.057692	  0.019231	
  0.846154	  0.076923	  0.038462	  0.038462	
  0.923077	  0.057692	  0.019231	  0.000000	
  0.923077	  0.057692	  0.019231	  0.000000	

MOTIF PAX5.1_1.ZLAB PAX5

letter-probability matrix: alength= 4 w= 15 nsites= 20 E= 0
  0.012245	  0.244898	  0.530612	  0.212245	
  0.044898	  0.804082	  0.065306	  0.085714	
  0.622449	  0.138776	  0.187755	  0.051020	
  0.126531	  0.214286	  0.581633	  0.077551	
  0.016327	  0.579592	  0.167347	  0.236735	
  0.124490	  0.442857	  0.397959	  0.034694	
  0.463265	  0.034694	  0.473469	  0.028571	
  0.538776	  0.089796	  0.224490	  0.146939	
  0.004082	  0.312245	  0.679592	  0.004082	
  0.004082	  0.877551	  0.016327	  0.102041	
  0.167347	  0.018367	  0.795918	  0.018367	
  0.063265	  0.110204	  0.257143	  0.569388	
  0.312245	  0.018367	  0.661224	  0.008163	
  0.642857	  0.042857	  0.238776	  0.075510	
  0.146939	  0.773469	  0.053061	  0.026531	

MOTIF PAX5.1_2.ZLAB PAX5

letter-probability matrix: alength= 4 w= 14 nsites= 20 E= 0
  0.027778	  0.111111	  0.000000	  0.861111	
  0.000000	  0.416667	  0.166667	  0.416667	
  0.000000	  0.000000	  0.000000	  1.000000	
  0.000000	  0.944444	  0.055556	  0.000000	
  0.777778	  0.027778	  0.000000	  0.194444	
  0.000000	  0.666667	  0.138889	  0.194444	
  0.000000	  0.333333	  0.000000	  0.666667	
  0.000000	  0.305556	  0.000000	  0.694444	
  0.083333	  0.611111	  0.000000	  0.305556	
  0.083333	  0.888889	  0.000000	  0.027778	
  0.361111	  0.000000	  0.166667	  0.472222	
  0.000000	  0.777778	  0.138889	  0.083333	
  0.000000	  0.444444	  0.000000	  0.555556	
  0.000000	  0.500000	  0.138889	  0.361111	

MOTIF PAX5.1_3.ZLAB PAX5

letter-probability matrix: alength= 4 w= 20 nsites= 20 E= 0
  0.695652	  0.000000	  0.000000	  0.304348	
  0.347826	  0.000000	  0.391304	  0.260870	
  0.130435	  0.021739	  0.413043	  0.434783	
  0.434783	  0.391304	  0.043478	  0.130435	
  0.760870	  0.152174	  0.086957	  0.000000	
  0.217391	  0.304348	  0.304348	  0.173913	
  0.130435	  0.608696	  0.065217	  0.195652	
  0.826087	  0.000000	  0.000000	  0.173913	
  0.195652	  0.282609	  0.478261	  0.043478	
  0.391304	  0.043478	  0.000000	  0.565217	
  0.130435	  0.260870	  0.434783	  0.173913	
  0.630435	  0.000000	  0.239130	  0.130435	
  0.043478	  0.043478	  0.347826	  0.565217	
  0.217391	  0.152174	  0.195652	  0.434783	
  0.347826	  0.130435	  0.000000	  0.521739	
  0.304348	  0.326087	  0.239130	  0.130435	
  0.608696	  0.043478	  0.043478	  0.304348	
  0.500000	  0.000000	  0.304348	  0.195652	
  0.521739	  0.130435	  0.239130	  0.108696	
  0.652174	  0.000000	  0.108696	  0.239130	

MOTIF PAX5.1_4.ZLAB PAX5

letter-probability matrix: alength= 4 w= 18 nsites= 20 E= 0
  0.000000	  0.625000	  0.125000	  0.250000	
  0.500000	  0.375000	  0.125000	  0.000000	
  0.000000	  0.250000	  0.000000	  0.750000	
  0.000000	  0.250000	  0.500000	  0.250000	
  0.000000	  0.875000	  0.125000	  0.000000	
  0.000000	  0.000000	  0.000000	  1.000000	
  0.000000	  0.000000	  1.000000	  0.000000	
  0.000000	  0.000000	  1.000000	  0.000000	
  0.000000	  0.000000	  1.000000	  0.000000	
  0.875000	  0.000000	  0.125000	  0.000000	
  0.125000	  0.250000	  0.500000	  0.125000	
  0.375000	  0.125000	  0.125000	  0.375000	
  0.125000	  0.125000	  0.000000	  0.750000	
  0.000000	  0.000000	  1.000000	  0.000000	
  0.250000	  0.000000	  0.000000	  0.750000	
  0.875000	  0.000000	  0.000000	  0.125000	
  0.000000	  0.000000	  1.000000	  0.000000	
  0.000000	  0.000000	  0.000000	  1.000000	

MOTIF PAX5.1_5.ZLAB PAX5

letter-probability matrix: alength= 4 w= 28 nsites= 20 E= 0
  0.000000	  0.333333	  0.222222	  0.444444	
  0.222222	  0.000000	  0.000000	  0.777778	
  0.333333	  0.000000	  0.111111	  0.555556	
  0.000000	  0.444444	  0.111111	  0.444444	
  0.555556	  0.000000	  0.444444	  0.000000	
  0.222222	  0.333333	  0.111111	  0.333333	
  0.444444	  0.111111	  0.111111	  0.333333	
  0.000000	  0.333333	  0.222222	  0.444444	
  0.111111	  0.333333	  0.555556	  0.000000	
  1.000000	  0.000000	  0.000000	  0.000000	
  0.555556	  0.333333	  0.111111	  0.000000	
  0.666667	  0.000000	  0.000000	  0.333333	
  0.000000	  0.888889	  0.000000	  0.111111	
  0.666667	  0.111111	  0.000000	  0.222222	
  0.000000	  0.000000	  0.000000	  1.000000	
  0.000000	  0.444444	  0.444444	  0.111111	
  0.111111	  0.000000	  0.000000	  0.888889	
  0.000000	  0.000000	  0.555556	  0.444444	
  0.222222	  0.444444	  0.222222	  0.111111	
  0.111111	  0.222222	  0.000000	  0.666667	
  0.222222	  0.666667	  0.000000	  0.111111	
  0.333333	  0.333333	  0.222222	  0.111111	
  0.222222	  0.000000	  0.333333	  0.444444	
  0.000000	  0.555556	  0.333333	  0.111111	
  0.444444	  0.222222	  0.000000	  0.333333	
  0.222222	  0.666667	  0.111111	  0.000000	
  0.666667	  0.000000	  0.000000	  0.333333	
  0.444444	  0.333333	  0.000000	  0.222222	

MOTIF Pax5.TF2DNA Pax5

letter-probability matrix: alength= 4 w= 8 nsites= 20 E= 0
  0.644000	  0.048000	  0.167000	  0.142000	
  1.000000	  0.000000	  0.000000	  0.000000	
  0.446000	  0.554000	  0.000000	  0.000000	
  0.526000	  0.334000	  0.000000	  0.140000	
  0.000000	  0.000000	  0.911000	  0.089000	
  0.000000	  0.000000	  1.000000	  0.000000	
  0.250000	  0.245000	  0.253000	  0.253000	
  0.253000	  0.250000	  0.247000	  0.250000	

MOTIF PAX5.SWISSREGULON PAX5.p2

letter-probability matrix: alength= 4 w= 19 nsites= 20 E= 0
  0.176012	  0.009162	  0.810045	  0.004782	
  0.279843	  0.313410	  0.354936	  0.051811	
  0.037029	  0.120688	  0.613853	  0.228430	
  0.055656	  0.705896	  0.122687	  0.115761	
  0.477420	  0.224183	  0.162884	  0.135514	
  0.134032	  0.458508	  0.277605	  0.129855	
  0.005036	  0.229293	  0.281635	  0.484036	
  0.039009	  0.081867	  0.851032	  0.028092	
  0.407038	  0.165838	  0.375482	  0.051642	
  0.369411	  0.018695	  0.511296	  0.100598	
  0.014924	  0.004710	  0.980365	  0.000000	
  0.187079	  0.708738	  0.051669	  0.052514	
  0.134829	  0.005114	  0.840754	  0.019303	
  0.059815	  0.019485	  0.586405	  0.334295	
  0.396819	  0.044831	  0.553899	  0.004451	
  0.299128	  0.031849	  0.650161	  0.018862	
  0.156042	  0.812346	  0.000000	  0.031612	
  0.174963	  0.440021	  0.379289	  0.005728	
  0.259441	  0.005036	  0.691471	  0.044052	

MOTIF M4471_1.02.CIS-BP PAX5

letter-probability matrix: alength= 4 w= 14 nsites= 20 E= 0
  0.041363	  0.868613	  0.000000	  0.090024	
  0.798054	  0.058394	  0.087591	  0.055961	
  0.150852	  0.163017	  0.571776	  0.114355	
  0.024331	  0.574209	  0.097324	  0.304136	
  0.131387	  0.508515	  0.338200	  0.021898	
  0.618005	  0.024331	  0.357664	  0.000000	
  0.542579	  0.055961	  0.167883	  0.233577	
  0.000000	  0.279805	  0.715329	  0.004866	
  0.000000	  0.817518	  0.031630	  0.150852	
  0.294404	  0.024331	  0.656934	  0.024331	
  0.080292	  0.036496	  0.204380	  0.678832	
  0.270073	  0.019465	  0.710462	  0.000000	
  0.678832	  0.053528	  0.194647	  0.072993	
  0.204380	  0.746958	  0.029197	  0.019465	

