MEME version 4.4

ALPHABET= ACGT

strands: + -

Background letter frequencies (from uniform background):
A 0.25000 C 0.25000 G 0.25000 T 0.25000 

MOTIF MA0507.1.JASPAR POU2F2

letter-probability matrix: alength= 4 w= 12 nsites= 20 E= 0
  0.231745	  0.116310	  0.259292	  0.392654	
  0.264539	  0.360735	  0.181460	  0.193266	
  0.881504	  0.008308	  0.000437	  0.109751	
  0.000000	  0.000000	  0.000000	  1.000000	
  0.111937	  0.000875	  0.000000	  0.887188	
  0.000000	  0.000000	  0.000000	  1.000000	
  0.069086	  0.000000	  0.873196	  0.057718	
  0.000000	  0.993004	  0.000000	  0.006996	
  0.986882	  0.013118	  0.000000	  0.000000	
  0.000000	  0.000875	  0.000000	  0.999125	
  0.506777	  0.017053	  0.268037	  0.208133	
  0.259729	  0.157849	  0.046786	  0.535636	

MOTIF PO2F2_si.HOCOMOCO PO2F2

letter-probability matrix: alength= 4 w= 8 nsites= 20 E= 0
  1.000000	  0.000000	  0.000000	  0.000000	
  0.000000	  0.000000	  0.000000	  1.000000	
  0.000000	  0.000000	  0.870941	  0.129059	
  0.000000	  0.966694	  0.000000	  0.033306	
  1.000000	  0.000000	  0.000000	  0.000000	
  0.862614	  0.000000	  0.000000	  0.137386	
  1.000000	  0.000000	  0.000000	  0.000000	
  0.075770	  0.047460	  0.003331	  0.873439	

MOTIF Oct4_1.HOMER Bcell-Oct2-ChIP-Seq

letter-probability matrix: alength= 4 w= 9 nsites= 20 E= 0
  0.110000	  0.103000	  0.028000	  0.759000	
  0.974000	  0.006000	  0.001000	  0.019000	
  0.025000	  0.013000	  0.032000	  0.930000	
  0.020000	  0.001000	  0.972000	  0.007000	
  0.020000	  0.952000	  0.001000	  0.027000	
  0.997000	  0.001000	  0.001000	  0.001000	
  0.966000	  0.001000	  0.020000	  0.013000	
  0.992000	  0.001000	  0.001000	  0.006000	
  0.064000	  0.019000	  0.026000	  0.891000	

MOTIF POU2F2_disc1.POUR POU2F2_GM12891_encode-Myers_seq_hsa_r1:Weeder#2#Intergenic

letter-probability matrix: alength= 4 w= 7 nsites= 20 E= 0
  0.028239	  0.033223	  0.026578	  0.911960	
  0.189369	  0.073090	  0.044850	  0.692691	
  0.044850	  0.013289	  0.026578	  0.915282	
  0.051495	  0.041528	  0.840532	  0.066445	
  0.046512	  0.895349	  0.023256	  0.034884	
  0.855482	  0.066445	  0.026578	  0.051495	
  0.099668	  0.039867	  0.059801	  0.800664	

MOTIF POU2F2_disc2.POUR POU2F2_GM12891_encode-Myers_seq_hsa_r1:AlignACE#1#Intergenic

letter-probability matrix: alength= 4 w= 12 nsites= 20 E= 0
  0.115023	  0.462441	  0.422535	  0.000000	
  0.312207	  0.150235	  0.225352	  0.312207	
  0.000000	  0.000000	  1.000000	  0.000000	
  0.000000	  0.483568	  0.516432	  0.000000	
  0.246479	  0.208920	  0.258216	  0.286385	
  0.000000	  0.262911	  0.737089	  0.000000	
  0.281690	  0.208920	  0.272300	  0.237089	
  0.086854	  0.366197	  0.546949	  0.000000	
  0.187793	  0.180751	  0.460094	  0.171362	
  0.000000	  0.342723	  0.657277	  0.000000	
  0.176056	  0.237089	  0.420188	  0.166667	
  0.145540	  0.281690	  0.572770	  0.000000	

MOTIF POU2F2_DBD_1.JOLMA POU2F2

letter-probability matrix: alength= 4 w= 10 nsites= 20 E= 0
  0.076332	  0.150570	  0.049802	  0.723295	
  0.979206	  0.002415	  0.008192	  0.010187	
  0.023411	  0.050788	  0.023798	  0.902003	
  0.020414	  0.009708	  0.845944	  0.123934	
  0.025187	  0.650527	  0.099979	  0.224308	
  0.640853	  0.006752	  0.009496	  0.342899	
  0.815391	  0.011194	  0.093135	  0.080280	
  0.953277	  0.007157	  0.013700	  0.025866	
  0.127224	  0.045817	  0.076174	  0.750785	
  0.186206	  0.174729	  0.260646	  0.378419	

MOTIF POU2F2_DBD_2.JOLMA POU2F2

letter-probability matrix: alength= 4 w= 13 nsites= 20 E= 0
  0.478569	  0.175383	  0.068423	  0.277625	
  0.150992	  0.108744	  0.033799	  0.706466	
  0.276478	  0.074436	  0.541472	  0.107614	
  0.452369	  0.487054	  0.020518	  0.040059	
  0.755302	  0.062058	  0.037706	  0.144933	
  0.064887	  0.035435	  0.014726	  0.884952	
  0.908790	  0.016541	  0.008034	  0.066635	
  0.194344	  0.069978	  0.038434	  0.697244	
  0.069963	  0.033582	  0.451959	  0.444496	
  0.108300	  0.694629	  0.038171	  0.158899	
  0.749415	  0.079111	  0.054170	  0.117303	
  0.425059	  0.134417	  0.103093	  0.337431	
  0.443347	  0.186590	  0.160083	  0.209979	

MOTIF Pou2f2_DBD_1.JOLMA Pou2f2

letter-probability matrix: alength= 4 w= 13 nsites= 20 E= 0
  0.535746	  0.084189	  0.086800	  0.293265	
  0.095163	  0.047933	  0.048635	  0.808270	
  0.062275	  0.007320	  0.914492	  0.015913	
  0.740972	  0.251482	  0.003449	  0.004096	
  0.972844	  0.003698	  0.005283	  0.018174	
  0.027886	  0.002526	  0.000737	  0.968852	
  0.964791	  0.003144	  0.002201	  0.029865	
  0.020309	  0.003385	  0.002433	  0.973873	
  0.002914	  0.003346	  0.430653	  0.563087	
  0.011319	  0.942018	  0.005553	  0.041111	
  0.881390	  0.038484	  0.025369	  0.054758	
  0.458767	  0.089856	  0.070243	  0.381135	
  0.636907	  0.061909	  0.201803	  0.099381	

MOTIF Pou2f2_DBD_2.JOLMA Pou2f2

letter-probability matrix: alength= 4 w= 8 nsites= 20 E= 0
  0.998869	  0.000063	  0.000628	  0.000440	
  0.001691	  0.002381	  0.000125	  0.995803	
  0.001360	  0.000737	  0.900572	  0.097332	
  0.000749	  0.916354	  0.001729	  0.081167	
  0.815472	  0.000462	  0.003796	  0.180270	
  0.883455	  0.017840	  0.021008	  0.077697	
  0.979964	  0.002836	  0.005795	  0.011405	
  0.084314	  0.017183	  0.020222	  0.878281	

MOTIF UP00191_1.UNIPROBE Pou2f2_3748.1

letter-probability matrix: alength= 4 w= 15 nsites= 20 E= 0
  0.267386	  0.204043	  0.174256	  0.354316	
  0.230583	  0.148604	  0.348518	  0.272295	
  0.127633	  0.095216	  0.030997	  0.746154	
  0.987721	  0.002410	  0.003474	  0.006395	
  0.003588	  0.019280	  0.002951	  0.974182	
  0.005844	  0.003199	  0.919428	  0.071529	
  0.004446	  0.890754	  0.005987	  0.098813	
  0.743311	  0.001562	  0.003671	  0.251456	
  0.893912	  0.003008	  0.014228	  0.088852	
  0.982166	  0.003049	  0.002708	  0.012076	
  0.027054	  0.005668	  0.023977	  0.943301	
  0.197736	  0.122428	  0.271727	  0.408108	
  0.496910	  0.196661	  0.105572	  0.200857	
  0.347287	  0.129915	  0.369062	  0.153737	
  0.409641	  0.236160	  0.215425	  0.138774	

MOTIF UP00191.1.ZHAO2011 cell08_Pou2f2_3748

letter-probability matrix: alength= 4 w= 15 nsites= 20 E= 0
  0.203415	  0.139108	  0.141918	  0.515558	
  0.354354	  0.314284	  0.188726	  0.142636	
  0.770178	  0.109576	  0.051760	  0.068485	
  0.226826	  0.017360	  0.010218	  0.745595	
  0.000474	  0.001155	  0.096930	  0.901440	
  0.755044	  0.069880	  0.034356	  0.140721	
  0.267031	  0.160351	  0.212165	  0.360454	
  0.225204	  0.256469	  0.251391	  0.266936	
  0.274911	  0.277674	  0.180629	  0.266786	
  0.000000	  0.000000	  0.000000	  1.000000	
  0.000000	  0.000000	  1.000000	  0.000000	
  1.000000	  0.000000	  0.000000	  0.000000	
  0.000000	  0.975217	  0.000000	  0.024783	
  0.000000	  0.000000	  1.000000	  0.000000	
  0.000000	  0.085771	  0.000000	  0.914229	

MOTIF OCT2_1.GUERTIN 15/10/02

letter-probability matrix: alength= 4 w= 19 nsites= 20 E= 0
  0.016949	  0.542373	  0.033898	  0.406780	
  0.728814	  0.000000	  0.135593	  0.135593	
  0.016949	  0.084746	  0.898305	  0.000000	
  0.983051	  0.016949	  0.000000	  0.000000	
  0.593220	  0.000000	  0.406780	  0.000000	
  0.000000	  0.457627	  0.491525	  0.050847	
  0.474576	  0.508475	  0.000000	  0.016949	
  0.525424	  0.000000	  0.389831	  0.084746	
  0.000000	  0.000000	  0.050847	  0.949153	
  0.000000	  0.016949	  0.000000	  0.983051	
  0.000000	  0.610169	  0.000000	  0.389831	
  0.016949	  0.016949	  0.118644	  0.847458	
  0.000000	  0.440678	  0.559322	  0.000000	
  1.000000	  0.000000	  0.000000	  0.000000	
  0.457627	  0.016949	  0.508475	  0.016949	
  0.932203	  0.000000	  0.016949	  0.050847	
  0.559322	  0.423729	  0.016949	  0.000000	
  0.898305	  0.000000	  0.016949	  0.084746	
  0.000000	  0.915254	  0.050847	  0.033898	

MOTIF OCT2_2.GUERTIN 15/10/02

letter-probability matrix: alength= 4 w= 19 nsites= 20 E= 0
  0.000000	  0.060606	  0.000000	  0.939394	
  0.000000	  0.030303	  0.000000	  0.969697	
  0.030303	  0.939394	  0.030303	  0.000000	
  1.000000	  0.000000	  0.000000	  0.000000	
  0.818182	  0.030303	  0.060606	  0.090909	
  0.030303	  0.969697	  0.000000	  0.000000	
  0.000000	  0.000000	  0.000000	  1.000000	
  0.181818	  0.757576	  0.060606	  0.000000	
  0.909091	  0.060606	  0.030303	  0.000000	
  0.000000	  0.909091	  0.000000	  0.090909	
  0.909091	  0.000000	  0.030303	  0.060606	
  0.000000	  0.090909	  0.909091	  0.000000	
  0.939394	  0.030303	  0.000000	  0.030303	
  0.060606	  0.000000	  0.909091	  0.030303	
  0.030303	  0.000000	  0.000000	  0.969697	
  0.030303	  0.000000	  0.000000	  0.969697	
  0.060606	  0.000000	  0.787879	  0.151515	
  0.969697	  0.000000	  0.000000	  0.030303	
  1.000000	  0.000000	  0.000000	  0.000000	

MOTIF OCT2_3.GUERTIN 15/10/02

letter-probability matrix: alength= 4 w= 15 nsites= 20 E= 0
  0.962963	  0.000000	  0.037037	  0.000000	
  0.425926	  0.537037	  0.000000	  0.037037	
  0.925926	  0.000000	  0.018519	  0.055556	
  0.055556	  0.888889	  0.000000	  0.055556	
  0.962963	  0.000000	  0.000000	  0.037037	
  0.055556	  0.018519	  0.055556	  0.870370	
  0.092593	  0.814815	  0.074074	  0.018519	
  0.796296	  0.111111	  0.000000	  0.092593	
  0.000000	  0.870370	  0.129630	  0.000000	
  0.981481	  0.018519	  0.000000	  0.000000	
  0.888889	  0.037037	  0.074074	  0.000000	
  0.944444	  0.000000	  0.018519	  0.037037	
  0.148148	  0.111111	  0.703704	  0.037037	
  0.611111	  0.203704	  0.055556	  0.129630	
  0.907407	  0.037037	  0.000000	  0.055556	

MOTIF OCT2_4.GUERTIN 15/10/02

letter-probability matrix: alength= 4 w= 19 nsites= 20 E= 0
  0.037037	  0.740741	  0.037037	  0.185185	
  0.000000	  0.000000	  0.000000	  1.000000	
  0.037037	  0.000000	  0.962963	  0.000000	
  0.074074	  0.703704	  0.185185	  0.037037	
  0.888889	  0.000000	  0.037037	  0.074074	
  0.925926	  0.000000	  0.037037	  0.037037	
  0.037037	  0.000000	  0.925926	  0.037037	
  0.037037	  0.000000	  0.037037	  0.925926	
  0.000000	  0.000000	  1.000000	  0.000000	
  0.037037	  0.000000	  0.888889	  0.074074	
  0.925926	  0.000000	  0.000000	  0.074074	
  0.000000	  0.333333	  0.037037	  0.629630	
  1.000000	  0.000000	  0.000000	  0.000000	
  0.074074	  0.000000	  0.000000	  0.925926	
  0.000000	  0.000000	  0.000000	  1.000000	
  0.000000	  0.000000	  0.000000	  1.000000	
  0.074074	  0.074074	  0.814815	  0.037037	
  0.074074	  0.074074	  0.851852	  0.000000	
  1.000000	  0.000000	  0.000000	  0.000000	

MOTIF POU2F2.1_1.ZLAB POU2F2

letter-probability matrix: alength= 4 w= 12 nsites= 20 E= 0
  0.217277	  0.162304	  0.253927	  0.366492	
  0.256545	  0.332461	  0.206806	  0.204188	
  0.748691	  0.102094	  0.073298	  0.075916	
  0.000000	  0.002618	  0.000000	  0.997382	
  0.146597	  0.041885	  0.000000	  0.811518	
  0.028796	  0.000000	  0.000000	  0.971204	
  0.057592	  0.000000	  0.903141	  0.039267	
  0.026178	  0.971204	  0.000000	  0.002618	
  0.994764	  0.005236	  0.000000	  0.000000	
  0.007853	  0.000000	  0.000000	  0.992147	
  0.583770	  0.034031	  0.264398	  0.117801	
  0.277487	  0.180628	  0.120419	  0.421466	

MOTIF POU2F2.1_2.ZLAB POU2F2

letter-probability matrix: alength= 4 w= 10 nsites= 20 E= 0
  0.000000	  0.991525	  0.000000	  0.008475	
  0.228814	  0.618644	  0.000000	  0.152542	
  0.067797	  0.915254	  0.000000	  0.016949	
  0.084746	  0.584746	  0.000000	  0.330508	
  0.169492	  0.000000	  0.406780	  0.423729	
  0.000000	  1.000000	  0.000000	  0.000000	
  0.016949	  0.983051	  0.000000	  0.000000	
  0.050847	  0.533898	  0.000000	  0.415254	
  0.033898	  0.940678	  0.000000	  0.025424	
  0.084746	  0.694915	  0.000000	  0.220339	

MOTIF POU2F2.1_3.ZLAB POU2F2

letter-probability matrix: alength= 4 w= 29 nsites= 20 E= 0
  1.000000	  0.000000	  0.000000	  0.000000	
  0.200000	  0.600000	  0.000000	  0.200000	
  0.000000	  0.000000	  1.000000	  0.000000	
  0.000000	  0.800000	  0.000000	  0.200000	
  1.000000	  0.000000	  0.000000	  0.000000	
  0.000000	  0.000000	  1.000000	  0.000000	
  0.000000	  0.000000	  0.000000	  1.000000	
  0.000000	  0.800000	  0.000000	  0.200000	
  0.000000	  0.600000	  0.000000	  0.400000	
  0.200000	  0.800000	  0.000000	  0.000000	
  0.000000	  1.000000	  0.000000	  0.000000	
  0.000000	  0.600000	  0.000000	  0.400000	
  1.000000	  0.000000	  0.000000	  0.000000	
  0.000000	  1.000000	  0.000000	  0.000000	
  0.000000	  0.000000	  0.000000	  1.000000	
  0.800000	  0.000000	  0.200000	  0.000000	
  0.000000	  0.600000	  0.000000	  0.400000	
  0.000000	  1.000000	  0.000000	  0.000000	
  1.000000	  0.000000	  0.000000	  0.000000	
  0.000000	  1.000000	  0.000000	  0.000000	
  1.000000	  0.000000	  0.000000	  0.000000	
  1.000000	  0.000000	  0.000000	  0.000000	
  0.600000	  0.000000	  0.400000	  0.000000	
  0.000000	  0.000000	  0.000000	  1.000000	
  0.000000	  0.000000	  0.000000	  1.000000	
  1.000000	  0.000000	  0.000000	  0.000000	
  0.000000	  0.000000	  0.000000	  1.000000	
  0.200000	  0.000000	  0.800000	  0.000000	
  0.000000	  1.000000	  0.000000	  0.000000	

MOTIF POU2F2.1_4.ZLAB POU2F2

letter-probability matrix: alength= 4 w= 13 nsites= 20 E= 0
  0.000000	  0.000000	  0.896552	  0.103448	
  0.034483	  0.172414	  0.241379	  0.551724	
  0.068966	  0.413793	  0.482759	  0.034483	
  0.137931	  0.000000	  0.000000	  0.862069	
  0.000000	  0.103448	  0.758621	  0.137931	
  0.206897	  0.034483	  0.068966	  0.689655	
  0.000000	  0.000000	  0.655172	  0.344828	
  0.000000	  0.000000	  0.034483	  0.965517	
  0.000000	  0.241379	  0.758621	  0.000000	
  0.172414	  0.000000	  0.068966	  0.758621	
  0.000000	  0.000000	  1.000000	  0.000000	
  0.000000	  0.000000	  0.000000	  1.000000	
  0.000000	  0.000000	  0.793103	  0.206897	

MOTIF POU2F2.1_5.ZLAB POU2F2

letter-probability matrix: alength= 4 w= 20 nsites= 20 E= 0
  0.700000	  0.000000	  0.200000	  0.100000	
  0.000000	  0.000000	  1.000000	  0.000000	
  0.000000	  0.900000	  0.100000	  0.000000	
  0.100000	  0.000000	  0.900000	  0.000000	
  0.100000	  0.900000	  0.000000	  0.000000	
  0.500000	  0.400000	  0.100000	  0.000000	
  0.000000	  0.000000	  1.000000	  0.000000	
  0.000000	  0.400000	  0.600000	  0.000000	
  0.000000	  0.200000	  0.800000	  0.000000	
  0.000000	  0.000000	  1.000000	  0.000000	
  0.000000	  1.000000	  0.000000	  0.000000	
  0.200000	  0.300000	  0.000000	  0.500000	
  0.000000	  0.000000	  0.800000	  0.200000	
  0.000000	  1.000000	  0.000000	  0.000000	
  0.000000	  0.300000	  0.200000	  0.500000	
  0.000000	  0.200000	  0.800000	  0.000000	
  0.000000	  1.000000	  0.000000	  0.000000	
  0.100000	  0.200000	  0.000000	  0.700000	
  0.100000	  0.000000	  0.300000	  0.600000	
  0.100000	  0.800000	  0.000000	  0.100000	

MOTIF Pou2f2.TF2DNA Pou2f2

letter-probability matrix: alength= 4 w= 8 nsites= 20 E= 0
  0.092000	  0.000000	  0.083000	  0.824000	
  0.877000	  0.009000	  0.095000	  0.019000	
  0.787000	  0.213000	  0.000000	  0.000000	
  1.000000	  0.000000	  0.000000	  0.000000	
  0.000000	  0.000000	  0.000000	  1.000000	
  0.760000	  0.019000	  0.078000	  0.143000	
  0.643000	  0.053000	  0.238000	  0.066000	
  0.281000	  0.100000	  0.589000	  0.030000	

MOTIF POU2F2.SWISSREGULON POU2F1..3.p2

letter-probability matrix: alength= 4 w= 12 nsites= 20 E= 0
  0.051285	  0.042707	  0.000000	  0.906008	
  0.119617	  0.504403	  0.076893	  0.299088	
  0.957267	  0.017069	  0.000000	  0.025664	
  0.000000	  0.000000	  0.000000	  1.000000	
  0.000000	  0.042711	  0.000000	  0.957289	
  0.008546	  0.000000	  0.000000	  0.991454	
  0.017113	  0.000000	  0.965781	  0.017107	
  0.017088	  0.982912	  0.000000	  0.000000	
  0.982883	  0.000000	  0.017117	  0.000000	
  0.008534	  0.000000	  0.000000	  0.991466	
  0.606662	  0.025644	  0.350584	  0.017111	
  0.179515	  0.333390	  0.119592	  0.367503	

MOTIF M2306_1.02.CIS-BP POU2F2

letter-probability matrix: alength= 4 w= 12 nsites= 20 E= 0
  0.231745	  0.116310	  0.259292	  0.392654	
  0.264539	  0.360735	  0.181460	  0.193266	
  0.881504	  0.008308	  0.000437	  0.109751	
  0.000000	  0.000000	  0.000000	  1.000000	
  0.111937	  0.000875	  0.000000	  0.887188	
  0.000000	  0.000000	  0.000000	  1.000000	
  0.069086	  0.000000	  0.873196	  0.057718	
  0.000000	  0.993004	  0.000000	  0.006996	
  0.986882	  0.013118	  0.000000	  0.000000	
  0.000000	  0.000875	  0.000000	  0.999125	
  0.506777	  0.017053	  0.268037	  0.208133	
  0.259729	  0.157849	  0.046786	  0.535636	

